STATIONS_ID;MESS_DATUM;QN_4;TT_TER;RF_TER;eor
       4349;2024040906;   10;   16.9;  60.0;eor
       4349;2024040912;   10;    9.4;  68.0;eor
       4349;2024040918;   10;   10.3;  64.0;eor
       4349;2024041006;   10;    7.3;  76.0;eor
       4349;2024041012;   10;   12.5;  47.0;eor
       4349;2024041018;   10;   12.5;  47.0;eor
       4349;2024041106;   10;    3.9;  89.0;eor
       4349;2024041112;   10;   16.4;  42.0;eor
       4349;2024041118;   10;   16.0;  44.0;eor
       4349;2024041206;   10;    6.5;  84.0;eor
       4349;2024041212;   10;   19.7;  40.0;eor
       4349;2024041218;   10;   18.8;  54.0;eor
       4349;2024041306;   10;    9.0;  88.0;eor
       4349;2024041312;   10;   22.1;  49.0;eor
       4349;2024041318;   10;   21.7;  58.0;eor
       4349;2024041406;   10;   12.4;  84.0;eor
       4349;2024041412;   10;   22.6;  50.0;eor
       4349;2024041418;   10;   21.2;  49.0;eor
       4349;2024041506;   10;   12.2;  82.0;eor
       4349;2024041512;   10;   15.6;  64.0;eor
       4349;2024041518;   10;   14.2;  44.0;eor
       4349;2024041606;   10;    6.4;  72.0;eor
       4349;2024041612;   10;    8.8;  69.0;eor
       4349;2024041618;   10;    8.9;  74.0;eor
       4349;2024041706;   10;    5.7;  90.0;eor
       4349;2024041712;   10;    8.6;  62.0;eor
       4349;2024041718;   10;    4.3;  91.0;eor
       4349;2024041806;   10;    3.9;  90.0;eor
       4349;2024041812;   10;    8.1;  65.0;eor
       4349;2024041818;   10;    7.6;  73.0;eor
       4349;2024041906;   10;    5.8;  79.0;eor
       4349;2024041912;   10;    5.9;  85.0;eor
       4349;2024041918;   10;    7.2;  88.0;eor
       4349;2024042006;   10;    4.8;  84.0;eor
       4349;2024042012;   10;    8.5;  60.0;eor
       4349;2024042018;   10;    5.5;  81.0;eor
       4349;2024042106;   10;    3.4;  88.0;eor
       4349;2024042112;   10;    6.5;  61.0;eor
       4349;2024042118;   10;    3.9;  89.0;eor
       4349;2024042206;   10;    2.5;  76.0;eor
       4349;2024042212;   10;    8.4;  47.0;eor
       4349;2024042218;   10;    6.8;  56.0;eor
       4349;2024042306;   10;    1.2;  78.0;eor
       4349;2024042312;   10;    9.4;  44.0;eor
       4349;2024042318;   10;    9.5;  44.0;eor
       4349;2024042406;   10;    3.2;  75.0;eor
       4349;2024042412;   10;    6.0;  77.0;eor
       4349;2024042418;   10;    4.9;  85.0;eor
       4349;2024042506;   10;    4.1;  89.0;eor
       4349;2024042512;   10;    9.6;  53.0;eor
       4349;2024042518;   10;    8.1;  61.0;eor
       4349;2024042606;   10;    3.2;  87.0;eor
       4349;2024042612;   10;   11.7;  67.0;eor
       4349;2024042618;   10;   10.4;  83.0;eor
       4349;2024042706;   10;    8.5;  88.0;eor
       4349;2024042712;   10;   19.6;  38.0;eor
       4349;2024042718;   10;   18.4;  42.0;eor
       4349;2024042806;   10;   10.0;  75.0;eor
       4349;2024042812;   10;   18.6;  52.0;eor
       4349;2024042818;   10;   15.8;  53.0;eor
       4349;2024042906;   10;   10.4;  88.0;eor
       4349;2024042912;   10;   18.8;  48.0;eor
       4349;2024042918;   10;   19.6;  51.0;eor
       4349;2024043006;   10;   11.6;  85.0;eor
       4349;2024043012;   10;   23.1;  42.0;eor
       4349;2024043018;   10;   23.5;  43.0;eor
       4349;2024050106;   10;   13.0;  79.0;eor
       4349;2024050112;   10;   23.9;  49.0;eor
       4349;2024050118;   10;   24.1;  39.0;eor
       4349;2024050206;   10;   12.4;  83.0;eor
       4349;2024050212;   10;   20.3;  62.0;eor
       4349;2024050218;   10;   13.1;  87.0;eor
       4349;2024050306;   10;   11.0;  75.0;eor
       4349;2024050312;   10;   13.3;  62.0;eor
       4349;2024050318;   10;   14.6;  56.0;eor
       4349;2024050406;   10;    9.0;  90.0;eor
       4349;2024050412;   10;   17.6;  48.0;eor
       4349;2024050418;   10;   18.8;  43.0;eor
       4349;2024050506;   10;   14.1;  81.0;eor
       4349;2024050512;   10;   16.2;  83.0;eor
       4349;2024050518;   10;   15.6;  90.0;eor
       4349;2024050606;   10;   13.8;  94.0;eor
       4349;2024050612;   10;   16.9;  72.0;eor
       4349;2024050618;   10;   14.0;  78.0;eor
       4349;2024050706;   10;   11.3;  85.0;eor
       4349;2024050712;   10;   13.9;  80.0;eor
       4349;2024050718;   10;   14.0;  74.0;eor
       4349;2024050806;   10;   10.9;  88.0;eor
       4349;2024050812;   10;   14.2;  63.0;eor
       4349;2024050818;   10;   14.3;  67.0;eor
       4349;2024050906;   10;   10.1;  85.0;eor
       4349;2024050912;   10;   17.8;  44.0;eor
       4349;2024050918;   10;   18.7;  43.0;eor
       4349;2024051006;   10;   10.9;  77.0;eor
       4349;2024051012;   10;   20.9;  40.0;eor
       4349;2024051018;   10;   20.5;  41.0;eor
       4349;2024051106;   10;   12.3;  76.0;eor
       4349;2024051112;   10;   22.5;  40.0;eor
       4349;2024051118;   10;   22.5;  39.0;eor
       4349;2024051206;   10;   13.7;  75.0;eor
       4349;2024051212;   10;   24.6;  34.0;eor
       4349;2024051218;   10;   22.1;  42.0;eor
       4349;2024051306;   10;   16.1;  71.0;eor
       4349;2024051312;   10;   23.4;  51.0;eor
       4349;2024051318;   10;   16.9;  82.0;eor
       4349;2024051406;   10;   15.9;  80.0;eor
       4349;2024051412;   10;   25.5;  36.0;eor
       4349;2024051418;   10;   24.0;  36.0;eor
       4349;2024051506;   10;   14.4;  81.0;eor
       4349;2024051512;   10;   15.5;  87.0;eor
       4349;2024051518;   10;   16.7;  82.0;eor
       4349;2024051606;   10;   12.1;  90.0;eor
       4349;2024051612;   10;   19.9;  58.0;eor
       4349;2024051618;   10;   19.7;  56.0;eor
       4349;2024051706;   10;   12.0;  93.0;eor
       4349;2024051712;   10;   12.2;  85.0;eor
       4349;2024051718;   10;   11.6;  88.0;eor
       4349;2024051806;   10;   12.3;  88.0;eor
       4349;2024051812;   10;   19.1;  55.0;eor
       4349;2024051818;   10;   19.3;  55.0;eor
       4349;2024051906;   10;   13.7;  81.0;eor
       4349;2024051912;   10;   19.1;  60.0;eor
       4349;2024051918;   10;   18.0;  62.0;eor
       4349;2024052006;   10;   12.3;  86.0;eor
       4349;2024052012;   10;   21.9;  50.0;eor
       4349;2024052018;   10;   20.7;  56.0;eor
       4349;2024052106;   10;   14.8;  87.0;eor
       4349;2024052112;   10;   15.0;  91.0;eor
       4349;2024052118;   10;   15.3;  85.0;eor
       4349;2024052206;   10;   14.7;  82.0;eor
       4349;2024052212;   10;   18.5;  63.0;eor
       4349;2024052218;   10;   18.1;  63.0;eor
       4349;2024052306;   10;   12.4;  88.0;eor
       4349;2024052312;   10;   19.4;  61.0;eor
       4349;2024052318;   10;   15.2;  75.0;eor
       4349;2024052406;   10;   12.2;  95.0;eor
       4349;2024052412;   10;   17.1;  66.0;eor
       4349;2024052418;   10;   15.7;  71.0;eor
       4349;2024052506;   10;   12.5;  89.0;eor
       4349;2024052512;   10;   21.2;  48.0;eor
       4349;2024052518;   10;   19.2;  57.0;eor
       4349;2024052606;   10;   14.1;  84.0;eor
       4349;2024052612;   10;   22.9;  44.0;eor
       4349;2024052618;   10;   16.5;  89.0;eor
       4349;2024052706;   10;   15.2;  89.0;eor
       4349;2024052712;   10;   19.8;  64.0;eor
       4349;2024052718;   10;   16.1;  92.0;eor
       4349;2024052806;   10;   13.1;  75.0;eor
       4349;2024052812;   10;   17.9;  51.0;eor
       4349;2024052818;   10;   19.3;  41.0;eor
       4349;2024052906;   10;   14.7;  75.0;eor
       4349;2024052912;   10;   17.5;  67.0;eor
       4349;2024052918;   10;   15.3;  91.0;eor
       4349;2024053006;   10;   14.0;  95.0;eor
       4349;2024053012;   10;   19.7;  52.0;eor
       4349;2024053018;   10;   17.3;  67.0;eor
       4349;2024053106;   10;   12.5;  94.0;eor
       4349;2024053112;   10;   12.7;  93.0;eor
       4349;2024053118;   10;   14.4;  91.0;eor
       4349;2024060106;   10;   13.3;  93.0;eor
       4349;2024060112;   10;   15.3;  88.0;eor
       4349;2024060118;   10;   14.5;  93.0;eor
       4349;2024060206;   10;   15.3;  97.0;eor
       4349;2024060212;   10;   17.5;  84.0;eor
       4349;2024060218;   10;   17.4;  88.0;eor
       4349;2024060306;   10;   13.5;  83.0;eor
       4349;2024060312;   10;   16.4;  67.0;eor
       4349;2024060318;   10;   18.0;  63.0;eor
       4349;2024060406;   10;   13.4;  80.0;eor
       4349;2024060412;   10;   20.7;  52.0;eor
       4349;2024060418;   10;   21.2;  56.0;eor
       4349;2024060506;   10;   15.8;  84.0;eor
       4349;2024060512;   10;   19.5;  72.0;eor
       4349;2024060518;   10;   19.3;  69.0;eor
       4349;2024060606;   10;   16.3;  80.0;eor
       4349;2024060612;   10;   23.9;  49.0;eor
       4349;2024060618;   10;   22.9;  48.0;eor
       4349;2024060706;   10;   15.2;  71.0;eor
       4349;2024060712;   10;   22.9;  45.0;eor
       4349;2024060718;   10;   23.1;  43.0;eor
       4349;2024060806;   10;   16.8;  66.0;eor
       4349;2024060812;   10;   24.8;  43.0;eor
       4349;2024060818;   10;   21.6;  62.0;eor
       4349;2024060906;   10;   16.4;  61.0;eor
       4349;2024060912;   10;   21.4;  48.0;eor
       4349;2024060918;   10;   20.8;  48.0;eor
       4349;2024061006;   10;   14.0;  63.0;eor
       4349;2024061012;   10;   21.3;  33.0;eor
       4349;2024061018;   10;   19.0;  51.0;eor
       4349;2024061106;   10;   11.7;  65.0;eor
       4349;2024061112;   10;   15.9;  47.0;eor
       4349;2024061118;   10;   17.8;  38.0;eor
       4349;2024061206;   10;   11.4;  65.0;eor
       4349;2024061212;   10;   17.4;  44.0;eor
       4349;2024061218;   10;   17.6;  43.0;eor
       4349;2024061306;   10;   12.5;  69.0;eor
       4349;2024061312;   10;   19.6;  36.0;eor
       4349;2024061318;   10;   19.0;  39.0;eor
       4349;2024061406;   10;   13.6;  78.0;eor
       4349;2024061412;   10;   18.2;  66.0;eor
       4349;2024061418;   10;   19.3;  68.0;eor
       4349;2024061506;   10;   14.0;  91.0;eor
       4349;2024061512;   10;   18.5;  60.0;eor
       4349;2024061518;   10;   18.4;  51.0;eor
       4349;2024061606;   10;   16.3;  71.0;eor
       4349;2024061612;   10;   21.3;  47.0;eor
       4349;2024061618;   10;   21.1;  50.0;eor
       4349;2024061706;   10;   17.0;  85.0;eor
       4349;2024061712;   10;   20.8;  68.0;eor
       4349;2024061718;   10;   21.0;  71.0;eor
       4349;2024061806;   10;   16.0;  87.0;eor
       4349;2024061812;   10;   29.3;  43.0;eor
       4349;2024061818;   10;   26.6;  53.0;eor
       4349;2024061906;   10;   18.8;  89.0;eor
       4349;2024061912;   10;   24.5;  58.0;eor
       4349;2024061918;   10;   21.6;  70.0;eor
       4349;2024062006;   10;   16.9;  85.0;eor
       4349;2024062012;   10;   24.0;  68.0;eor
       4349;2024062018;   10;   25.5;  69.0;eor
       4349;2024062106;   10;   20.0;  92.0;eor
       4349;2024062112;   10;   21.8;  68.0;eor
       4349;2024062118;   10;   20.1;  83.0;eor
       4349;2024062206;   10;   16.7;  75.0;eor
       4349;2024062212;   10;   15.9;  93.0;eor
       4349;2024062218;   10;   17.3;  71.0;eor
       4349;2024062306;   10;   15.1;  81.0;eor
       4349;2024062312;   10;   21.2;  60.0;eor
       4349;2024062318;   10;   22.2;  61.0;eor
       4349;2024062406;   10;   18.1;  74.0;eor
       4349;2024062412;   10;   24.9;  47.0;eor
       4349;2024062418;   10;   25.4;  48.0;eor
       4349;2024062506;   10;   18.1;  70.0;eor
       4349;2024062512;   10;   26.7;  45.0;eor
       4349;2024062518;   10;   27.0;  41.0;eor
       4349;2024062606;   10;   20.2;  71.0;eor
       4349;2024062612;   10;   28.3;  52.0;eor
       4349;2024062618;   10;   21.0;  88.0;eor
       4349;2024062706;   10;   20.1;  89.0;eor
       4349;2024062712;   10;   28.9;  52.0;eor
       4349;2024062718;   10;   29.1;  45.0;eor
       4349;2024062806;   10;   23.2;  74.0;eor
       4349;2024062812;   10;   28.0;  55.0;eor
       4349;2024062818;   10;   27.0;  51.0;eor
       4349;2024062906;   10;   21.1;  80.0;eor
       4349;2024062912;   10;   31.4;  52.0;eor
       4349;2024062918;   10;   29.8;  61.0;eor
       4349;2024063006;   10;   19.5;  84.0;eor
       4349;2024063012;   10;   20.7;  85.0;eor
       4349;2024063018;   10;   16.4;  91.0;eor
       4349;2024070106;   10;   15.2;  89.0;eor
       4349;2024070112;   10;   19.1;  69.0;eor
       4349;2024070118;   10;   18.4;  71.0;eor
       4349;2024070206;   10;   15.5;  77.0;eor
       4349;2024070212;   10;   19.5;  54.0;eor
       4349;2024070218;   10;   14.3;  92.0;eor
       4349;2024070306;   10;   14.3;  93.0;eor
       4349;2024070312;   10;   18.5;  64.0;eor
       4349;2024070318;   10;   13.2;  91.0;eor
       4349;2024070406;   10;   15.1;  81.0;eor
       4349;2024070412;   10;   19.7;  67.0;eor
       4349;2024070418;   10;   19.8;  63.0;eor
       4349;2024070506;   10;   16.2;  72.0;eor
       4349;2024070512;   10;   22.6;  44.0;eor
       4349;2024070518;   10;   21.7;  56.0;eor
       4349;2024070606;   10;   18.6;  76.0;eor
       4349;2024070612;   10;   19.1;  91.0;eor
       4349;2024070618;   10;   18.4;  92.0;eor
       4349;2024070706;   10;   15.8;  76.0;eor
       4349;2024070712;   10;   20.5;  53.0;eor
       4349;2024070718;   10;   20.6;  55.0;eor
       4349;2024070806;   10;   16.4;  78.0;eor
       4349;2024070812;   10;   24.4;  41.0;eor
       4349;2024070818;   10;   26.0;  45.0;eor
       4349;2024070906;   10;   20.9;  75.0;eor
       4349;2024070912;   10;   30.4;  40.0;eor
       4349;2024070918;   10;   29.8;  48.0;eor
       4349;2024071006;   10;   20.5;  88.0;eor
       4349;2024071012;   10;   20.6;  90.0;eor
       4349;2024071018;   10;   22.9;  78.0;eor
       4349;2024071106;   10;   19.2;  96.0;eor
       4349;2024071112;   10;   26.0;  57.0;eor
       4349;2024071118;   10;   25.2;  59.0;eor
       4349;2024071206;   10;   20.3;  89.0;eor
       4349;2024071212;   10;   26.8;  55.0;eor
       4349;2024071218;   10;   22.1;  78.0;eor
       4349;2024071306;   10;   17.1;  76.0;eor
       4349;2024071312;   10;   20.9;  56.0;eor
       4349;2024071318;   10;   21.6;  48.0;eor
       4349;2024071406;   10;   15.5;  76.0;eor
       4349;2024071412;   10;   24.2;  46.0;eor
       4349;2024071418;   10;   22.8;  49.0;eor
       4349;2024071506;   10;   17.3;  79.0;eor
       4349;2024071512;   10;   29.6;  39.0;eor
       4349;2024071518;   10;   28.3;  52.0;eor
       4349;2024071606;   10;   20.4;  79.0;eor
       4349;2024071612;   10;   23.7;  52.0;eor
       4349;2024071618;   10;   23.7;  51.0;eor
       4349;2024071706;   10;   16.5;  77.0;eor
       4349;2024071712;   10;   24.2;  47.0;eor
       4349;2024071718;   10;   24.1;  46.0;eor
       4349;2024071806;   10;   18.0;  74.0;eor
       4349;2024071812;   10;   25.9;  44.0;eor
       4349;2024071818;   10;   27.1;  44.0;eor
       4349;2024071906;   10;   18.5;  75.0;eor
       4349;2024071912;   10;   29.2;  45.0;eor
       4349;2024071918;   10;   29.0;  49.0;eor
       4349;2024072006;   10;   20.9;  79.0;eor
       4349;2024072012;   10;   29.3;  44.0;eor
       4349;2024072018;   10;   29.9;  39.0;eor
       4349;2024072106;   10;   21.5;  80.0;eor
       4349;2024072112;   10;   28.0;  56.0;eor
       4349;2024072118;   10;   25.3;  59.0;eor
       4349;2024072206;   10;   20.6;  82.0;eor
       4349;2024072212;   10;   25.5;  52.0;eor
       4349;2024072218;   10;   23.8;  49.0;eor
       4349;2024072306;   10;   18.6;  77.0;eor
       4349;2024072312;   10;   25.4;  47.0;eor
       4349;2024072318;   10;   21.3;  82.0;eor
       4349;2024072406;   10;   16.0;  85.0;eor
       4349;2024072412;   10;   21.1;  61.0;eor
       4349;2024072418;   10;   21.3;  54.0;eor
       4349;2024072506;   10;   14.8;  83.0;eor
       4349;2024072512;   10;   25.3;  42.0;eor
       4349;2024072518;   10;   24.3;  45.0;eor
       4349;2024072606;   10;   17.5;  80.0;eor
       4349;2024072612;   10;   24.0;  57.0;eor
       4349;2024072618;   10;   24.5;  58.0;eor
       4349;2024072706;   10;   19.6;  89.0;eor
       4349;2024072712;   10;   26.1;  60.0;eor
       4349;2024072718;   10;   22.6;  86.0;eor
       4349;2024072806;   10;   17.2;  90.0;eor
       4349;2024072812;   10;   22.3;  50.0;eor
       4349;2024072818;   10;   22.6;  49.0;eor
       4349;2024072906;   10;   14.9;  85.0;eor
       4349;2024072912;   10;   25.9;  42.0;eor
       4349;2024072918;   10;   26.9;  39.0;eor
       4349;2024073006;   10;   18.5;  73.0;eor
       4349;2024073012;   10;   30.5;  40.0;eor
       4349;2024073018;   10;   30.8;  37.0;eor
       4349;2024073106;   10;   20.4;  77.0;eor
       4349;2024073112;   10;   32.0;  39.0;eor
       4349;2024073118;   10;   29.4;  47.0;eor
       4349;2024080106;   10;   21.8;  79.0;eor
       4349;2024080112;   10;   20.7;  88.0;eor
       4349;2024080118;   10;   23.1;  80.0;eor
       4349;2024080206;   10;   20.2;  85.0;eor
       4349;2024080212;   10;   25.4;  58.0;eor
       4349;2024080218;   10;   25.4;  48.0;eor
       4349;2024080306;   10;   18.5;  86.0;eor
       4349;2024080312;   10;   24.8;  63.0;eor
       4349;2024080318;   10;   23.9;  57.0;eor
       4349;2024080406;   10;   18.9;  76.0;eor
       4349;2024080412;   10;   24.3;  54.0;eor
       4349;2024080418;   10;   19.8;  91.0;eor
       4349;2024080506;   10;   17.7;  94.0;eor
       4349;2024080512;   10;   22.6;  52.0;eor
       4349;2024080518;   10;   24.1;  48.0;eor
       4349;2024080606;   10;   17.8;  81.0;eor
       4349;2024080612;   10;   29.0;  46.0;eor
       4349;2024080618;   10;   27.0;  52.0;eor
       4349;2024080706;   10;   19.9;  77.0;eor
       4349;2024080712;   10;   26.7;  59.0;eor
       4349;2024080718;   10;   25.9;  58.0;eor
       4349;2024080806;   10;   18.7;  85.0;eor
       4349;2024080812;   10;   23.1;  51.0;eor
       4349;2024080818;   10;   23.5;  49.0;eor
       4349;2024080906;   10;   17.0;  80.0;eor
       4349;2024080912;   10;   28.6;  41.0;eor
       4349;2024080918;   10;   26.5;  52.0;eor
       4349;2024081006;   10;   19.0;  83.0;eor
       4349;2024081012;   10;   27.6;  48.0;eor
       4349;2024081018;   10;   26.7;  49.0;eor
       4349;2024081106;   10;   19.1;  79.0;eor
       4349;2024081112;   10;   29.7;  46.0;eor
       4349;2024081118;   10;   29.6;  43.0;eor
       4349;2024081206;   10;   20.8;  75.0;eor
       4349;2024081212;   10;   32.8;  36.0;eor
       4349;2024081218;   10;   31.3;  45.0;eor
       4349;2024081306;   10;   21.5;  73.0;eor
       4349;2024081312;   10;   33.6;  37.0;eor
       4349;2024081318;   10;   26.2;  62.0;eor
       4349;2024081406;   10;   20.8;  81.0;eor
       4349;2024081412;   10;   28.1;  51.0;eor
       4349;2024081418;   10;   24.9;  64.0;eor
       4349;2024081506;   10;   18.7;  88.0;eor
       4349;2024081512;   10;   26.4;  55.0;eor
       4349;2024081518;   10;   26.5;  50.0;eor
       4349;2024081606;   10;   20.3;  76.0;eor
       4349;2024081612;   10;   28.1;  50.0;eor
       4349;2024081618;   10;   27.1;  53.0;eor
       4349;2024081706;   10;   18.7;  77.0;eor
       4349;2024081712;   10;   28.0;  49.0;eor
       4349;2024081718;   10;   25.4;  58.0;eor
       4349;2024081806;   10;   19.6;  93.0;eor
       4349;2024081812;   10;   21.4;  79.0;eor
       4349;2024081818;   10;   17.6;  89.0;eor
       4349;2024081906;   10;   16.4;  80.0;eor
       4349;2024081912;   10;   22.5;  48.0;eor
       4349;2024081918;   10;   21.2;  64.0;eor
       4349;2024082006;   10;   16.6;  90.0;eor
       4349;2024082012;   10;   21.1;  71.0;eor
       4349;2024082018;   10;   21.9;  70.0;eor
       4349;2024082106;   10;   17.7;  82.0;eor
       4349;2024082112;   10;   20.9;  48.0;eor
       4349;2024082118;   10;   19.4;  50.0;eor
       4349;2024082206;   10;   11.6;  87.0;eor
       4349;2024082212;   10;   23.1;  44.0;eor
       4349;2024082218;   10;   22.7;  46.0;eor
       4349;2024082306;   10;   13.0;  87.0;eor
       4349;2024082312;   10;   28.5;  31.0;eor
       4349;2024082318;   10;   26.2;  46.0;eor
       4349;2024082406;   10;   17.3;  78.0;eor
       4349;2024082412;   10;   33.3;  32.0;eor
       4349;2024082418;   10;   31.4;  34.0;eor
       4349;2024082506;   10;   16.0;  87.0;eor
       4349;2024082512;   10;   19.4;  54.0;eor
       4349;2024082518;   10;   19.5;  49.0;eor
       4349;2024082606;   10;   11.3;  84.0;eor
       4349;2024082612;   10;   21.4;  44.0;eor
       4349;2024082618;   10;   21.4;  44.0;eor
       4349;2024082706;   10;   13.0;  79.0;eor
       4349;2024082712;   10;   26.0;  44.0;eor
       4349;2024082718;   10;   24.3;  57.0;eor
       4349;2024082806;   10;   16.3;  88.0;eor
       4349;2024082812;   10;   29.0;  47.0;eor
       4349;2024082818;   10;   28.2;  42.0;eor
       4349;2024082906;   10;   19.6;  74.0;eor
       4349;2024082912;   10;   31.9;  40.0;eor
       4349;2024082918;   10;   28.2;  51.0;eor
       4349;2024083006;   10;   18.4;  88.0;eor
       4349;2024083012;   10;   31.5;  41.0;eor
       4349;2024083018;   10;   27.9;  52.0;eor
       4349;2024083106;   10;   19.5;  84.0;eor
       4349;2024083112;   10;   28.6;  53.0;eor
       4349;2024083118;   10;   28.6;  54.0;eor
       4349;2024090106;   10;   19.5;  80.0;eor
       4349;2024090112;   10;   30.1;  47.0;eor
       4349;2024090118;   10;   29.3;  48.0;eor
       4349;2024090206;   10;   20.1;  83.0;eor
       4349;2024090212;   10;   23.7;  68.0;eor
       4349;2024090218;   10;   24.0;  74.0;eor
       4349;2024090306;   10;   19.9;  86.0;eor
       4349;2024090312;   10;   26.9;  57.0;eor
       4349;2024090318;   10;   25.4;  65.0;eor
       4349;2024090406;   10;   18.7;  93.0;eor
       4349;2024090412;   10;   22.6;  73.0;eor
       4349;2024090418;   10;   22.3;  78.0;eor
       4349;2024090506;   10;   18.0;  95.0;eor
       4349;2024090512;   10;   29.6;  44.0;eor
       4349;2024090518;   10;   23.7;  75.0;eor
       4349;2024090606;   10;   16.7;  91.0;eor
       4349;2024090612;   10;   20.7;  74.0;eor
       4349;2024090618;   10;   21.5;  73.0;eor
       4349;2024090706;   10;   15.7;  94.0;eor
       4349;2024090712;   10;   27.0;  52.0;eor
       4349;2024090718;   10;   25.6;  55.0;eor
       4349;2024090806;   10;   19.1;  83.0;eor
       4349;2024090812;   10;   20.3;  76.0;eor
       4349;2024090818;   10;   15.7;  96.0;eor
       4349;2024090906;   10;   14.6;  89.0;eor
       4349;2024090912;   10;   19.0;  64.0;eor
       4349;2024090918;   10;   16.1;  85.0;eor
       4349;2024091006;   10;   12.9;  90.0;eor
       4349;2024091012;   10;   18.2;  70.0;eor
       4349;2024091018;   10;   15.7;  65.0;eor
       4349;2024091106;   10;   14.3;  73.0;eor
       4349;2024091112;   10;   15.1;  85.0;eor
       4349;2024091118;   10;   10.6;  91.0;eor
       4349;2024091206;   10;    7.9;  94.0;eor
       4349;2024091212;   10;   12.9;  60.0;eor
       4349;2024091218;   10;   11.2;  71.0;eor
       4349;2024091306;   10;    7.6;  89.0;eor
       4349;2024091312;   10;   13.9;  63.0;eor
       4349;2024091318;   10;   11.7;  78.0;eor
       4349;2024091406;   10;    9.6;  83.0;eor
       4349;2024091412;   10;   13.4;  60.0;eor
       4349;2024091418;   10;   12.1;  69.0;eor
       4349;2024091506;   10;   10.0;  77.0;eor
       4349;2024091512;   10;   14.9;  49.0;eor
       4349;2024091518;   10;   12.7;  68.0;eor
       4349;2024091606;   10;   10.4;  87.0;eor
       4349;2024091612;   10;   14.2;  77.0;eor
       4349;2024091618;   10;   12.9;  92.0;eor
       4349;2024091706;   10;   13.6;  84.0;eor
       4349;2024091712;   10;   17.3;  74.0;eor
       4349;2024091718;   10;   18.3;  71.0;eor
       4349;2024091806;   10;   13.3;  91.0;eor
       4349;2024091812;   10;   22.5;  52.0;eor
       4349;2024091818;   10;   20.1;  54.0;eor
       4349;2024091906;   10;   12.6;  84.0;eor
       4349;2024091912;   10;   22.3;  44.0;eor
       4349;2024091918;   10;   19.3;  53.0;eor
       4349;2024092006;   10;   11.1;  88.0;eor
       4349;2024092012;   10;   21.2;  53.0;eor
       4349;2024092018;   10;   19.5;  58.0;eor
       4349;2024092106;   10;    9.4;  96.0;eor
       4349;2024092112;   10;   22.0;  53.0;eor
       4349;2024092118;   10;   19.3;  63.0;eor
       4349;2024092206;   10;   10.7;  97.0;eor
       4349;2024092212;   10;   22.3;  56.0;eor
       4349;2024092218;   10;   19.6;  70.0;eor
       4349;2024092306;   10;   14.7;  94.0;eor
       4349;2024092312;   10;   20.0;  66.0;eor
       4349;2024092318;   10;   14.6;  95.0;eor
       4349;2024092406;   10;   13.3;  87.0;eor
       4349;2024092412;   10;   17.5;  67.0;eor
       4349;2024092418;   10;   15.2;  83.0;eor
       4349;2024092506;   10;   13.8;  81.0;eor
       4349;2024092512;   10;   19.5;  58.0;eor
       4349;2024092518;   10;   18.0;  63.0;eor
       4349;2024092606;   10;   15.8;  83.0;eor
       4349;2024092612;   10;   18.9;  75.0;eor
       4349;2024092618;   10;   15.8;  83.0;eor
       4349;2024092706;   10;   12.5;  86.0;eor
       4349;2024092712;   10;   14.3;  70.0;eor
       4349;2024092718;   10;   12.0;  77.0;eor
       4349;2024092806;   10;   10.8;  90.0;eor
       4349;2024092812;   10;   13.1;  65.0;eor
       4349;2024092818;   10;   10.2;  79.0;eor
       4349;2024092906;   10;    2.8;  97.0;eor
       4349;2024092912;   10;   13.5;  62.0;eor
       4349;2024092918;   10;   11.7;  67.0;eor
       4349;2024093006;   10;    8.8;  89.0;eor
       4349;2024093012;   10;   15.7;  77.0;eor
       4349;2024093018;   10;   14.3;  78.0;eor
       4349;2024100106;   10;   13.5;  82.0;eor
       4349;2024100112;   10;   17.4;  57.0;eor
       4349;2024100118;   10;   14.6;  74.0;eor
       4349;2024100206;   10;   11.0;  94.0;eor
       4349;2024100212;   10;   14.5;  67.0;eor
       4349;2024100218;   10;   11.6;  82.0;eor
       4349;2024100306;   10;    9.6;  91.0;eor
       4349;2024100312;   10;   12.1;  72.0;eor
       4349;2024100318;   10;   10.9;  80.0;eor
       4349;2024100406;   10;    9.1;  91.0;eor
       4349;2024100412;   10;   12.5;  69.0;eor
       4349;2024100418;   10;   10.4;  90.0;eor
       4349;2024100506;   10;    9.1;  89.0;eor
       4349;2024100512;   10;   13.2;  72.0;eor
       4349;2024100518;   10;   10.8;  85.0;eor
       4349;2024100606;   10;    3.5;  96.0;eor
       4349;2024100612;   10;   13.7;  68.0;eor
       4349;2024100618;   10;   11.7;  81.0;eor
       4349;2024100706;   10;   12.4;  94.0;eor
       4349;2024100712;   10;   17.4;  88.0;eor
       4349;2024100718;   10;   16.2;  99.0;eor
       4349;2024100806;   10;   13.5;  97.0;eor
       4349;2024100812;   10;   15.5;  91.0;eor
       4349;2024100818;   10;   13.7;  97.0;eor
       4349;2024100906;   10;   10.2;  93.0;eor
       4349;2024100912;   10;   18.0;  73.0;eor
       4349;2024100918;   10;   16.5;  81.0;eor
       4349;2024101006;   10;   13.6;  78.0;eor
       4349;2024101012;   10;   14.6;  77.0;eor
       4349;2024101018;   10;   11.6;  91.0;eor
       4349;2024101106;   10;    8.9;  92.0;eor
       4349;2024101112;   10;   12.4;  64.0;eor
       4349;2024101118;   10;    8.6;  84.0;eor
       4349;2024101206;   10;    2.5;  97.0;eor
       4349;2024101212;   10;   14.5;  64.0;eor
       4349;2024101218;   10;   14.3;  74.0;eor
       4349;2024101306;   10;   12.7;  85.0;eor
       4349;2024101312;   10;   13.0;  50.0;eor
       4349;2024101318;   10;    8.5;  72.0;eor
       4349;2024101406;   10;    6.0;  88.0;eor
       4349;2024101412;   10;   10.3;  94.0;eor
       4349;2024101418;   10;   11.0;  95.0;eor
       4349;2024101506;   10;    9.8;  98.0;eor
       4349;2024101512;   10;   14.9;  86.0;eor
       4349;2024101518;   10;   14.1;  88.0;eor
       4349;2024101606;   10;   11.1;  91.0;eor
       4349;2024101612;   10;   16.4;  73.0;eor
       4349;2024101618;   10;   12.1;  90.0;eor
       4349;2024101706;   10;   11.3;  96.0;eor
       4349;2024101712;   10;   19.2;  71.0;eor
       4349;2024101718;   10;   16.9;  87.0;eor
       4349;2024101806;   10;   11.5;  94.0;eor
       4349;2024101812;   10;   14.1;  91.0;eor
       4349;2024101818;   10;   14.1;  97.0;eor
       4349;2024101906;   10;    9.2;  98.0;eor
       4349;2024101912;   10;   15.4;  82.0;eor
       4349;2024101918;   10;   13.9;  94.0;eor
       4349;2024102006;   10;   11.0; 100.0;eor
       4349;2024102012;   10;   15.5;  85.0;eor
       4349;2024102018;   10;   12.3;  96.0;eor
       4349;2024102106;   10;   10.6;  97.0;eor
       4349;2024102112;   10;   18.5;  67.0;eor
       4349;2024102118;   10;   15.0;  90.0;eor
       4349;2024102206;   10;   12.3;  94.0;eor
       4349;2024102212;   10;   17.0;  74.0;eor
       4349;2024102218;   10;   13.5;  79.0;eor
       4349;2024102306;   10;    6.4;  98.0;eor
       4349;2024102312;   10;   13.0;  72.0;eor
       4349;2024102318;   10;   11.2;  81.0;eor
       4349;2024102406;   10;   11.2;  90.0;eor
       4349;2024102412;   10;   13.6;  85.0;eor
       4349;2024102418;   10;   11.1;  93.0;eor
       4349;2024102506;   10;    9.9;  97.0;eor
       4349;2024102512;   10;   17.8;  66.0;eor
       4349;2024102518;   10;   14.8;  84.0;eor
       4349;2024102606;   10;    9.7;  95.0;eor
       4349;2024102612;   10;   15.2;  72.0;eor
       4349;2024102618;   10;   11.5;  88.0;eor
       4349;2024102706;   10;    9.8;  98.0;eor
       4349;2024102712;   10;   14.0;  81.0;eor
       4349;2024102718;   10;   10.7;  95.0;eor
       4349;2024102806;   10;    5.8;  98.0;eor
       4349;2024102812;   10;   15.6;  80.0;eor
       4349;2024102818;   10;   12.9;  97.0;eor
       4349;2024102906;   10;    7.3;  99.0;eor
       4349;2024102912;   10;   18.3;  70.0;eor
       4349;2024102918;   10;   13.0;  88.0;eor
       4349;2024103006;   10;    6.0;  98.0;eor
       4349;2024103012;   10;   13.0;  84.0;eor
       4349;2024103018;   10;    9.8;  96.0;eor
       4349;2024103106;   10;   10.1;  95.0;eor
       4349;2024103112;   10;   10.8;  87.0;eor
       4349;2024103118;   10;   11.3;  88.0;eor
       4349;2024110106;   10;    9.8;  89.0;eor
       4349;2024110112;   10;    9.7;  83.0;eor
       4349;2024110118;   10;    9.9;  87.0;eor
       4349;2024110206;   10;    8.2;  92.0;eor
       4349;2024110212;   10;   10.2;  76.0;eor
       4349;2024110218;   10;   10.7;  79.0;eor
       4349;2024110306;   10;   10.4;  74.0;eor
       4349;2024110312;   10;   11.2;  71.0;eor
       4349;2024110318;   10;    9.8;  79.0;eor
       4349;2024110406;   10;    8.1;  86.0;eor
       4349;2024110412;   10;   11.0;  72.0;eor
       4349;2024110418;   10;    7.1;  87.0;eor
       4349;2024110506;   10;    4.3;  96.0;eor
       4349;2024110512;   10;   10.3;  72.0;eor
       4349;2024110518;   10;    7.9;  88.0;eor
       4349;2024110606;   10;    6.1;  94.0;eor
       4349;2024110612;   10;    8.8;  90.0;eor
       4349;2024110618;   10;    7.5;  87.0;eor
       4349;2024110706;   10;    5.0;  93.0;eor
       4349;2024110712;   10;    7.4;  83.0;eor
       4349;2024110718;   10;    7.8;  83.0;eor
       4349;2024110806;   10;    7.0;  87.0;eor
       4349;2024110812;   10;    7.7;  80.0;eor
       4349;2024110818;   10;    7.8;  81.0;eor
       4349;2024110906;   10;    6.0;  91.0;eor
       4349;2024110912;   10;   10.2;  74.0;eor
       4349;2024110918;   10;    5.7;  92.0;eor
       4349;2024111006;   10;    4.4;  98.0;eor
       4349;2024111012;   10;    4.9;  95.0;eor
       4349;2024111018;   10;    4.4;  94.0;eor
       4349;2024111106;   10;    4.2;  97.0;eor
       4349;2024111112;   10;    6.0;  83.0;eor
       4349;2024111118;   10;    5.9;  96.0;eor
       4349;2024111206;   10;    5.9;  97.0;eor
       4349;2024111212;   10;    7.4;  81.0;eor
       4349;2024111218;   10;    4.0;  83.0;eor
       4349;2024111306;   10;    2.2;  85.0;eor
       4349;2024111312;   10;    3.9;  79.0;eor
       4349;2024111318;   10;    3.6;  90.0;eor
       4349;2024111406;   10;    3.2;  92.0;eor
       4349;2024111412;   10;    5.9;  88.0;eor
       4349;2024111418;   10;    6.3;  97.0;eor
       4349;2024111506;   10;    5.8;  96.0;eor
       4349;2024111512;   10;    8.0;  75.0;eor
       4349;2024111518;   10;    6.7;  80.0;eor
       4349;2024111606;   10;    0.1;  96.0;eor
       4349;2024111612;   10;    6.4;  80.0;eor
       4349;2024111618;   10;    5.2;  86.0;eor
       4349;2024111706;   10;    2.6;  86.0;eor
       4349;2024111712;   10;    6.1;  78.0;eor
       4349;2024111718;   10;    6.0;  88.0;eor
       4349;2024111806;   10;    6.9;  74.0;eor
       4349;2024111812;   10;    8.9;  72.0;eor
       4349;2024111818;   10;    7.2;  89.0;eor
       4349;2024111906;   10;    8.8;  81.0;eor
       4349;2024111912;   10;   11.4;  74.0;eor
       4349;2024111918;   10;   11.3;  73.0;eor
       4349;2024112006;   10;    2.1;  91.0;eor
       4349;2024112012;   10;    5.3;  59.0;eor
       4349;2024112018;   10;    2.9;  62.0;eor
       4349;2024112106;   10;    1.7;  77.0;eor
       4349;2024112112;   10;    3.2;  59.0;eor
       4349;2024112118;   10;    1.2;  70.0;eor
       4349;2024112206;   10;   -1.0;  77.0;eor
       4349;2024112212;   10;    2.0;  70.0;eor
       4349;2024112218;   10;    1.7;  82.0;eor
       4349;2024112306;   10;    0.5;  83.0;eor
       4349;2024112312;   10;    6.0;  60.0;eor
       4349;2024112318;   10;    4.9;  55.0;eor
       4349;2024112406;   10;    9.3;  67.0;eor
       4349;2024112412;   10;   14.8;  59.0;eor
       4349;2024112418;   10;   13.8;  55.0;eor
       4349;2024112506;   10;   11.3;  59.0;eor
       4349;2024112512;   10;   16.9;  43.0;eor
       4349;2024112518;   10;   13.5;  55.0;eor
       4349;2024112606;   10;    8.7;  89.0;eor
       4349;2024112612;   10;   11.4;  69.0;eor
       4349;2024112618;   10;    6.7;  89.0;eor
       4349;2024112706;   10;    2.3;  96.0;eor
       4349;2024112712;   10;   10.8;  75.0;eor
       4349;2024112718;   10;   11.1;  66.0;eor
       4349;2024112806;   10;    6.5;  87.0;eor
       4349;2024112812;   10;    8.0;  68.0;eor
       4349;2024112818;   10;    5.7;  82.0;eor
       4349;2024112906;   10;   -0.8;  94.0;eor
       4349;2024112912;   10;    6.6;  74.0;eor
       4349;2024112918;   10;    2.5;  85.0;eor
       4349;2024113006;   10;   -2.1;  94.0;eor
       4349;2024113012;   10;    5.4;  69.0;eor
       4349;2024113018;   10;    1.8;  79.0;eor
       4349;2024120106;   10;   -4.9;  91.0;eor
       4349;2024120112;   10;   -0.3;  87.0;eor
       4349;2024120118;   10;   -1.3;  92.0;eor
       4349;2024120206;   10;    2.1;  84.0;eor
       4349;2024120212;   10;    7.4;  73.0;eor
       4349;2024120218;   10;    7.0;  90.0;eor
       4349;2024120306;   10;    5.9;  89.0;eor
       4349;2024120312;   10;    6.6;  81.0;eor
       4349;2024120318;   10;    5.1;  93.0;eor
       4349;2024120406;   10;    1.9;  98.0;eor
       4349;2024120412;   10;    5.2;  72.0;eor
       4349;2024120418;   10;    2.6;  84.0;eor
       4349;2024120506;   10;   -3.4;  94.0;eor
       4349;2024120512;   10;    3.5;  73.0;eor
       4349;2024120518;   10;    3.7;  81.0;eor
       4349;2024120606;   10;    8.5;  80.0;eor
       4349;2024120612;   10;    8.3;  63.0;eor
       4349;2024120618;   10;    7.2;  67.0;eor
       4349;2024120706;   10;    4.0;  79.0;eor
       4349;2024120712;   10;    6.6;  86.0;eor
       4349;2024120718;   10;    5.9;  88.0;eor
       4349;2024120806;   10;    2.7;  81.0;eor
       4349;2024120812;   10;    4.8;  80.0;eor
       4349;2024120818;   10;    4.2;  89.0;eor
       4349;2024120906;   10;    4.4;  80.0;eor
       4349;2024120912;   10;    3.8;  79.0;eor
       4349;2024120918;   10;    3.2;  77.0;eor
       4349;2024121006;   10;    3.3;  84.0;eor
       4349;2024121012;   10;    4.1;  80.0;eor
       4349;2024121018;   10;    3.3;  87.0;eor
       4349;2024121106;   10;    2.6;  88.0;eor
       4349;2024121112;   10;    2.8;  83.0;eor
       4349;2024121118;   10;    1.4;  89.0;eor
       4349;2024121206;   10;    1.7;  90.0;eor
       4349;2024121212;   10;    2.7;  83.0;eor
       4349;2024121218;   10;    2.4;  79.0;eor
       4349;2024121306;   10;    2.1;  81.0;eor
       4349;2024121312;   10;    2.5;  77.0;eor
       4349;2024121318;   10;    0.0;  86.0;eor
       4349;2024121406;   10;   -1.6;  93.0;eor
       4349;2024121412;   10;    2.9;  82.0;eor
       4349;2024121418;   10;    0.7;  86.0;eor
       4349;2024121506;   10;    1.5;  84.0;eor
       4349;2024121512;   10;    5.2;  71.0;eor
       4349;2024121518;   10;    5.0;  76.0;eor
       4349;2024121606;   10;    8.5;  81.0;eor
       4349;2024121612;   10;    9.6;  79.0;eor
       4349;2024121618;   10;    7.4;  88.0;eor
       4349;2024121706;   10;    6.1;  89.0;eor
       4349;2024121712;   10;    6.0;  91.0;eor
       4349;2024121718;   10;    6.1;  93.0;eor
       4349;2024121806;   10;    2.6;  98.0;eor
       4349;2024121812;   10;    8.3;  82.0;eor
       4349;2024121818;   10;   10.4;  63.0;eor
       4349;2024121906;   10;   11.5;  77.0;eor
       4349;2024121912;   10;   12.3;  76.0;eor
       4349;2024121918;   10;    5.9;  86.0;eor
       4349;2024122006;   10;    2.6;  87.0;eor
       4349;2024122012;   10;    4.5;  77.0;eor
       4349;2024122018;   10;    2.5;  75.0;eor
       4349;2024122106;   10;    2.6;  80.0;eor
       4349;2024122112;   10;    6.7;  76.0;eor
       4349;2024122118;   10;    6.2;  81.0;eor
       4349;2024122206;   10;    6.9;  87.0;eor
       4349;2024122212;   10;    5.3;  83.0;eor
       4349;2024122218;   10;    3.1;  77.0;eor
       4349;2024122306;   10;    0.1;  89.0;eor
       4349;2024122312;   10;    1.7;  95.0;eor
       4349;2024122318;   10;    3.6;  88.0;eor
       4349;2024122406;   10;    2.0;  90.0;eor
       4349;2024122412;   10;    4.9;  77.0;eor
       4349;2024122418;   10;    2.6;  90.0;eor
       4349;2024122506;   10;    0.8;  93.0;eor
       4349;2024122512;   10;    5.0;  74.0;eor
       4349;2024122518;   10;    1.9;  85.0;eor
       4349;2024122606;   10;   -1.9;  93.0;eor
       4349;2024122612;   10;    3.3;  73.0;eor
       4349;2024122618;   10;    1.9;  69.0;eor
       4349;2024122706;   10;   -3.6;  91.0;eor
       4349;2024122712;   10;    1.9;  70.0;eor
       4349;2024122718;   10;   -0.8;  87.0;eor
       4349;2024122806;   10;   -4.9;  92.0;eor
       4349;2024122812;   10;    0.8;  80.0;eor
       4349;2024122818;   10;   -1.1;  93.0;eor
       4349;2024122906;   10;   -4.7;  96.0;eor
       4349;2024122912;   10;   -1.3;  95.0;eor
       4349;2024122918;   10;   -0.8;  96.0;eor
       4349;2024123006;   10;   -1.0;  90.0;eor
       4349;2024123012;   10;   -0.5;  89.0;eor
       4349;2024123018;   10;   -1.1;  91.0;eor
       4349;2024123106;   10;   -2.8;  95.0;eor
       4349;2024123112;   10;   -1.8;  85.0;eor
       4349;2024123118;   10;   -2.8;  96.0;eor
       4349;2025010106;   10;   -3.6;  92.0;eor
       4349;2025010112;   10;    3.4;  73.0;eor
       4349;2025010118;   10;    5.4;  52.0;eor
       4349;2025010206;   10;    7.6;  50.0;eor
       4349;2025010212;   10;    5.4;  89.0;eor
       4349;2025010218;   10;    0.4;  96.0;eor
       4349;2025010306;   10;    0.9;  89.0;eor
       4349;2025010312;   10;    2.1;  72.0;eor
       4349;2025010318;   10;   -1.1;  80.0;eor
       4349;2025010406;   10;   -3.9;  84.0;eor
       4349;2025010412;   10;    0.1;  75.0;eor
       4349;2025010418;   10;   -0.2;  83.0;eor
       4349;2025010506;   10;    0.3;  97.0;eor
       4349;2025010512;   10;    4.3;  96.0;eor
       4349;2025010518;   10;    9.7;  81.0;eor
       4349;2025010606;   10;    9.3;  63.0;eor
       4349;2025010612;   10;   13.1;  58.0;eor
       4349;2025010618;   10;    9.2;  88.0;eor
       4349;2025010706;   10;    5.2;  77.0;eor
       4349;2025010712;   10;    6.7;  60.0;eor
       4349;2025010718;   10;    3.5;  75.0;eor
       4349;2025010806;   10;    2.2;  94.0;eor
       4349;2025010812;   10;    3.1;  87.0;eor
       4349;2025010818;   10;    1.1;  95.0;eor
       4349;2025010906;   10;    9.3;  78.0;eor
       4349;2025010912;   10;   12.9;  65.0;eor
       4349;2025010918;   10;    2.3;  77.0;eor
       4349;2025011006;   10;    1.1;  78.0;eor
       4349;2025011012;   10;    4.2;  62.0;eor
       4349;2025011018;   10;    0.2;  84.0;eor
       4349;2025011106;   10;   -2.5;  92.0;eor
       4349;2025011112;   10;    0.9;  78.0;eor
       4349;2025011118;   10;   -1.7;  88.0;eor
       4349;2025011206;   10;   -0.3;  83.0;eor
       4349;2025011212;   10;    2.2;  58.0;eor
       4349;2025011218;   10;   -1.2;  79.0;eor
       4349;2025011306;   10;   -6.1;  93.0;eor
       4349;2025011312;   10;   -1.8;  69.0;eor
       4349;2025011318;   10;   -3.0;  81.0;eor
       4349;2025011406;   10;   -5.6;  89.0;eor
       4349;2025011412;   10;    0.1;  66.0;eor
       4349;2025011418;   10;   -2.0;  82.0;eor
       4349;2025011506;   10;   -0.7;  96.0;eor
       4349;2025011512;   10;    0.8;  96.0;eor
       4349;2025011518;   10;    1.1;  98.0;eor
       4349;2025011606;   10;    1.2;  94.0;eor
       4349;2025011612;   10;    3.5;  80.0;eor
       4349;2025011618;   10;    2.0;  82.0;eor
       4349;2025011706;   10;   -0.3;  91.0;eor
       4349;2025011712;   10;    1.6;  82.0;eor
       4349;2025011718;   10;    1.6;  82.0;eor
       4349;2025011806;   10;    1.1;  80.0;eor
       4349;2025011812;   10;    1.7;  76.0;eor
       4349;2025011818;   10;   -0.7;  88.0;eor
       4349;2025011906;   10;   -4.1;  92.0;eor
       4349;2025011912;   10;    1.1;  76.0;eor
       4349;2025011918;   10;   -2.0;  90.0;eor
       4349;2025012006;   10;   -3.0;  95.0;eor
       4349;2025012012;   10;   -2.7;  95.0;eor
       4349;2025012018;   10;   -2.5;  96.0;eor
       4349;2025012106;   10;   -4.4;  94.0;eor
       4349;2025012112;   10;   -2.5;  95.0;eor
       4349;2025012118;   10;   -3.2;  96.0;eor
       4349;2025012206;   10;   -4.1;  94.0;eor
       4349;2025012212;   10;    0.1;  94.0;eor
       4349;2025012218;   10;    3.7;  85.0;eor
       4349;2025012306;   10;    8.1;  80.0;eor
       4349;2025012312;   10;    6.0;  72.0;eor
       4349;2025012318;   10;    4.4;  77.0;eor
       4349;2025012406;   10;    4.2;  85.0;eor
       4349;2025012412;   10;    8.5;  60.0;eor
       4349;2025012418;   10;    8.6;  54.0;eor
       4349;2025012506;   10;    7.3;  64.0;eor
       4349;2025012512;   10;   14.6;  56.0;eor
       4349;2025012518;   10;   10.7;  73.0;eor
       4349;2025012606;   10;    9.2;  62.0;eor
       4349;2025012612;   10;    6.6;  71.0;eor
       4349;2025012618;   10;    4.3;  81.0;eor
       4349;2025012706;   10;   10.2;  74.0;eor
       4349;2025012712;   10;   11.3;  81.0;eor
       4349;2025012718;   10;    8.9;  76.0;eor
       4349;2025012806;   10;    6.6;  89.0;eor
       4349;2025012812;   10;    8.1;  78.0;eor
       4349;2025012818;   10;    6.6;  72.0;eor
       4349;2025012906;   10;    7.0;  83.0;eor
       4349;2025012912;   10;    9.2;  64.0;eor
       4349;2025012918;   10;    7.2;  67.0;eor
       4349;2025013006;   10;    2.2;  85.0;eor
       4349;2025013012;   10;    9.9;  65.0;eor
       4349;2025013018;   10;    8.2;  76.0;eor
       4349;2025013106;   10;    2.4;  90.0;eor
       4349;2025013112;   10;    4.7;  61.0;eor
       4349;2025013118;   10;    1.8;  77.0;eor
       4349;2025020106;   10;   -3.3;  92.0;eor
       4349;2025020112;   10;    3.8;  65.0;eor
       4349;2025020118;   10;    2.6;  71.0;eor
       4349;2025020206;   10;   -3.5;  90.0;eor
       4349;2025020212;   10;    3.4;  64.0;eor
       4349;2025020218;   10;    0.6;  83.0;eor
       4349;2025020306;   10;    0.4;  83.0;eor
       4349;2025020312;   10;    0.3;  79.0;eor
       4349;2025020318;   10;   -0.8;  83.0;eor
       4349;2025020406;   10;   -1.0;  84.0;eor
       4349;2025020412;   10;   -0.7;  78.0;eor
       4349;2025020418;   10;   -1.5;  82.0;eor
       4349;2025020506;   10;   -5.9;  89.0;eor
       4349;2025020512;   10;    1.6;  74.0;eor
       4349;2025020518;   10;    1.5;  86.0;eor
       4349;2025020606;   10;    1.0;  93.0;eor
       4349;2025020612;   10;    2.4;  80.0;eor
       4349;2025020618;   10;    2.3;  75.0;eor
       4349;2025020706;   10;    2.6;  71.0;eor
       4349;2025020712;   10;    4.8;  63.0;eor
       4349;2025020718;   10;    2.7;  71.0;eor
       4349;2025020806;   10;   -2.9;  91.0;eor
       4349;2025020812;   10;    6.4;  62.0;eor
       4349;2025020818;   10;    4.7;  68.0;eor
       4349;2025020906;   10;   -1.3;  90.0;eor
       4349;2025020912;   10;    5.4;  72.0;eor
       4349;2025020918;   10;    4.6;  79.0;eor
       4349;2025021006;   10;   -0.3;  90.0;eor
       4349;2025021012;   10;    5.2;  70.0;eor
       4349;2025021018;   10;    5.7;  88.0;eor
       4349;2025021106;   10;    4.2;  92.0;eor
       4349;2025021112;   10;    7.2;  90.0;eor
       4349;2025021118;   10;    6.5;  95.0;eor
       4349;2025021206;   10;    5.4;  97.0;eor
       4349;2025021212;   10;    9.3;  89.0;eor
       4349;2025021218;   10;    8.3;  94.0;eor
       4349;2025021306;   10;    1.7;  93.0;eor
       4349;2025021312;   10;    1.6;  90.0;eor
       4349;2025021318;   10;    2.4;  90.0;eor
       4349;2025021406;   10;   -1.4;  87.0;eor
       4349;2025021412;   10;   -0.3;  87.0;eor
       4349;2025021418;   10;   -0.2;  90.0;eor
       4349;2025021506;   10;   -0.4;  82.0;eor
       4349;2025021512;   10;    0.3;  70.0;eor
       4349;2025021518;   10;   -0.4;  76.0;eor
       4349;2025021606;   10;   -0.7;  81.0;eor
       4349;2025021612;   10;    0.7;  76.0;eor
       4349;2025021618;   10;    0.5;  72.0;eor
       4349;2025021706;   10;   -3.3;  77.0;eor
       4349;2025021712;   10;    1.2;  57.0;eor
       4349;2025021718;   10;   -0.1;  65.0;eor
       4349;2025021806;   10;   -5.8;  85.0;eor
       4349;2025021812;   10;    1.6;  56.0;eor
       4349;2025021818;   10;    0.4;  61.0;eor
       4349;2025021906;   10;   -4.5;  71.0;eor
       4349;2025021912;   10;    1.6;  56.0;eor
       4349;2025021918;   10;    1.2;  69.0;eor
       4349;2025022006;   10;    1.2;  75.0;eor
       4349;2025022012;   10;    6.8;  67.0;eor
       4349;2025022018;   10;    6.6;  76.0;eor
       4349;2025022106;   10;    5.3;  91.0;eor
       4349;2025022112;   10;   15.0;  60.0;eor
       4349;2025022118;   10;   12.9;  60.0;eor
       4349;2025022206;   10;    3.7;  93.0;eor
       4349;2025022212;   10;   14.4;  59.0;eor
       4349;2025022218;   10;   11.0;  69.0;eor
       4349;2025022306;   10;    7.9;  83.0;eor
       4349;2025022312;   10;   11.8;  65.0;eor
       4349;2025022318;   10;    9.1;  71.0;eor
       4349;2025022406;   10;    3.0;  92.0;eor
       4349;2025022412;   10;   11.1;  70.0;eor
       4349;2025022418;   10;   11.4;  69.0;eor
       4349;2025022506;   10;    7.6;  92.0;eor
       4349;2025022512;   10;   10.8;  80.0;eor
       4349;2025022518;   10;    7.5;  95.0;eor
       4349;2025022606;   10;    4.6;  87.0;eor
       4349;2025022612;   10;    6.4;  81.0;eor
       4349;2025022618;   10;    4.7;  83.0;eor
       4349;2025022706;   10;    3.6;  85.0;eor
       4349;2025022712;   10;    9.2;  56.0;eor
       4349;2025022718;   10;    4.0;  77.0;eor
       4349;2025022806;   10;    3.7;  84.0;eor
       4349;2025022812;   10;    6.5;  73.0;eor
       4349;2025022818;   10;    3.1;  90.0;eor
       4349;2025030106;   10;   -0.1;  98.0;eor
       4349;2025030112;   10;    5.3;  71.0;eor
       4349;2025030118;   10;    5.1;  65.0;eor
       4349;2025030206;   10;   -0.9;  90.0;eor
       4349;2025030212;   10;    7.2;  54.0;eor
       4349;2025030218;   10;    6.2;  62.0;eor
       4349;2025030306;   10;   -3.0;  93.0;eor
       4349;2025030312;   10;    9.4;  46.0;eor
       4349;2025030318;   10;    9.6;  42.0;eor
       4349;2025030406;   10;   -1.8;  90.0;eor
       4349;2025030412;   10;   10.8;  41.0;eor
       4349;2025030418;   10;    9.9;  47.0;eor
       4349;2025030506;   10;   -1.9;  90.0;eor
       4349;2025030512;   10;   12.9;  43.0;eor
       4349;2025030518;   10;   10.2;  39.0;eor
       4349;2025030606;   10;   -1.6;  89.0;eor
       4349;2025030612;   10;   14.8;  36.0;eor
       4349;2025030618;   10;   10.7;  49.0;eor
       4349;2025030706;   10;   -0.5;  87.0;eor
       4349;2025030712;   10;   15.3;  39.0;eor
       4349;2025030718;   10;   12.9;  43.0;eor
       4349;2025030806;   10;    0.0;  90.0;eor
       4349;2025030812;   10;   15.4;  37.0;eor
       4349;2025030818;   10;   13.2;  42.0;eor
       4349;2025030906;   10;    0.4;  88.0;eor
       4349;2025030912;   10;   15.4;  38.0;eor
       4349;2025030918;   10;   15.5;  37.0;eor
       4349;2025031006;   10;    2.0;  86.0;eor
       4349;2025031012;   10;   12.7;  58.0;eor
       4349;2025031018;   10;    9.0;  86.0;eor
       4349;2025031106;   10;    2.6;  96.0;eor
       4349;2025031112;   10;   14.3;  58.0;eor
       4349;2025031118;   10;   11.4;  70.0;eor
       4349;2025031206;   10;    5.6;  95.0;eor
       4349;2025031212;   10;    5.7;  92.0;eor
       4349;2025031218;   10;    5.5;  90.0;eor
       4349;2025031306;   10;    3.4;  93.0;eor
       4349;2025031312;   10;    5.5;  79.0;eor
       4349;2025031318;   10;    5.1;  91.0;eor
       4349;2025031406;   10;    2.6;  87.0;eor
       4349;2025031412;   10;    4.4;  75.0;eor
       4349;2025031418;   10;    5.2;  74.0;eor
       4349;2025031506;   10;    2.8;  81.0;eor
       4349;2025031512;   10;    6.7;  68.0;eor
       4349;2025031518;   10;    7.3;  59.0;eor
       4349;2025031606;   10;    2.8;  72.0;eor
       4349;2025031612;   10;    5.9;  62.0;eor
       4349;2025031618;   10;    5.7;  68.0;eor
       4349;2025031706;   10;   -3.0;  90.0;eor
       4349;2025031712;   10;    6.2;  62.0;eor
       4349;2025031718;   10;    5.5;  41.0;eor
       4349;2025031806;   10;   -1.2;  55.0;eor
       4349;2025031812;   10;    8.1;  29.0;eor
       4349;2025031818;   10;    6.7;  38.0;eor
       4349;2025031906;   10;   -2.5;  79.0;eor
       4349;2025031912;   10;   11.5;  38.0;eor
       4349;2025031918;   10;   11.4;  39.0;eor
       4349;2025032006;   10;    1.7;  82.0;eor
       4349;2025032012;   10;   16.2;  33.0;eor
       4349;2025032018;   10;   16.2;  37.0;eor
       4349;2025032106;   10;    3.7;  83.0;eor
       4349;2025032112;   10;   20.6;  29.0;eor
       4349;2025032118;   10;   16.3;  38.0;eor
       4349;2025032206;   10;    8.1;  72.0;eor
       4349;2025032212;   10;   16.9;  49.0;eor
       4349;2025032218;   10;   16.0;  48.0;eor
       4349;2025032306;   10;    6.4;  82.0;eor
       4349;2025032312;   10;   13.2;  63.0;eor
       4349;2025032318;   10;   13.6;  57.0;eor
       4349;2025032406;   10;    7.1;  85.0;eor
       4349;2025032412;   10;   12.4;  77.0;eor
       4349;2025032418;   10;   13.4;  70.0;eor
       4349;2025032506;   10;    8.2;  90.0;eor
       4349;2025032512;   10;   15.4;  56.0;eor
       4349;2025032518;   10;   12.1;  77.0;eor
       4349;2025032606;   10;    8.0;  75.0;eor
       4349;2025032612;   10;    9.0;  92.0;eor
       4349;2025032618;   10;    8.6;  82.0;eor
       4349;2025032706;   10;    6.4;  82.0;eor
       4349;2025032712;   10;   11.4;  53.0;eor
       4349;2025032718;   10;    9.7;  58.0;eor
       4349;2025032806;   10;    1.1;  88.0;eor
       4349;2025032812;   10;   14.0;  48.0;eor
       4349;2025032818;   10;   13.6;  48.0;eor
       4349;2025032906;   10;    8.1;  77.0;eor
       4349;2025032912;   10;   12.0;  59.0;eor
       4349;2025032918;   10;   10.6;  58.0;eor
       4349;2025033006;   10;    2.9;  79.0;eor
       4349;2025033012;   10;   13.0;  45.0;eor
       4349;2025033018;   10;    9.9;  66.0;eor
       4349;2025033106;   10;    7.6;  63.0;eor
       4349;2025033112;   10;    9.8;  51.0;eor
       4349;2025033118;   10;    9.5;  50.0;eor
       4349;2025040106;   10;    6.0;  66.0;eor
       4349;2025040112;   10;   11.4;  45.0;eor
       4349;2025040118;   10;   11.4;  40.0;eor
       4349;2025040206;   10;    7.0;  69.0;eor
       4349;2025040212;   10;   16.6;  38.0;eor
       4349;2025040218;   10;   14.6;  45.0;eor
       4349;2025040306;   10;    8.7;  67.0;eor
       4349;2025040312;   10;   19.0;  38.0;eor
       4349;2025040318;   10;   16.4;  38.0;eor
       4349;2025040406;   10;    5.0;  73.0;eor
       4349;2025040412;   10;   20.5;  35.0;eor
       4349;2025040418;   10;   19.2;  34.0;eor
       4349;2025040506;   10;    5.0;  75.0;eor
       4349;2025040512;   10;   19.5;  36.0;eor
       4349;2025040518;   10;   16.4;  42.0;eor
       4349;2025040606;   10;    3.5;  53.0;eor
       4349;2025040612;   10;    8.6;  27.0;eor
       4349;2025040618;   10;    8.6;  26.0;eor
       4349;2025040706;   10;    0.5;  62.0;eor
       4349;2025040712;   10;   10.3;  30.0;eor
       4349;2025040718;   10;    9.7;  37.0;eor
       4349;2025040806;   10;    3.3;  63.0;eor
       4349;2025040812;   10;   14.0;  35.0;eor
       4349;2025040818;   10;   13.6;  36.0;eor
       4349;2025040906;   10;    3.4;  72.0;eor
       4349;2025040912;   10;   15.2;  32.0;eor
       4349;2025040918;   10;   13.9;  35.0;eor
       4349;2025041006;   10;    4.6;  72.0;eor
       4349;2025041012;   10;   13.4;  50.0;eor
       4349;2025041018;   10;   12.0;  50.0;eor
       4349;2025041106;   10;    2.2;  81.0;eor
       4349;2025041112;   10;   18.0;  35.0;eor
       4349;2025041118;   10;   17.0;  34.0;eor
       4349;2025041206;   10;    5.8;  76.0;eor
       4349;2025041212;   10;   21.5;  27.0;eor
       4349;2025041218;   10;   18.8;  35.0;eor
       4349;2025041306;   10;   11.7;  79.0;eor
       4349;2025041312;   10;   16.7;  63.0;eor
       4349;2025041318;   10;   17.4;  50.0;eor
       4349;2025041406;   10;    9.9;  96.0;eor
       4349;2025041412;   10;   18.2;  51.0;eor
       4349;2025041418;   10;   17.9;  57.0;eor
       4349;2025041506;   10;   12.5;  74.0;eor
       4349;2025041512;   10;   15.5;  77.0;eor
       4349;2025041518;   10;   15.7;  78.0;eor
       4349;2025041606;   10;   11.1;  85.0;eor
       4349;2025041612;   10;   20.9;  53.0;eor
       4349;2025041618;   10;   10.8;  76.0;eor
       4349;2025041706;   10;    8.3;  88.0;eor
       4349;2025041712;   10;    9.3;  88.0;eor
       4349;2025041718;   10;    8.3;  94.0;eor
       4349;2025041806;   10;    7.3;  87.0;eor
       4349;2025041812;   10;    8.4;  81.0;eor
       4349;2025041818;   10;    8.6;  77.0;eor
       4349;2025041906;   10;    4.0;  90.0;eor
       4349;2025041912;   10;   16.3;  50.0;eor
       4349;2025041918;   10;   17.3;  50.0;eor
       4349;2025042006;   10;    8.1;  88.0;eor
       4349;2025042012;   10;   18.6;  42.0;eor
       4349;2025042018;   10;   10.3;  83.0;eor
       4349;2025042106;   10;    7.2;  89.0;eor
       4349;2025042112;   10;   14.8;  57.0;eor
       4349;2025042118;   10;   10.0;  91.0;eor
       4349;2025042206;   10;    9.1;  88.0;eor
       4349;2025042212;   10;   14.8;  63.0;eor
       4349;2025042218;   10;   15.6;  48.0;eor
       4349;2025042306;   10;    8.3;  82.0;eor
       4349;2025042312;   10;   19.4;  41.0;eor
       4349;2025042318;   10;   10.5;  92.0;eor
       4349;2025042406;   10;    9.6;  91.0;eor
       4349;2025042412;   10;   13.2;  65.0;eor
       4349;2025042418;   10;   11.0;  74.0;eor
       4349;2025042506;   10;    9.5;  92.0;eor
       4349;2025042512;   10;   12.0;  81.0;eor
       4349;2025042518;   10;   11.5;  83.0;eor
       4349;2025042606;   10;    6.9;  92.0;eor
       4349;2025042612;   10;   12.8;  79.0;eor
       4349;2025042618;   10;   15.5;  50.0;eor
       4349;2025042706;   10;    8.7;  76.0;eor
       4349;2025042712;   10;   17.8;  41.0;eor
       4349;2025042718;   10;   17.4;  43.0;eor
       4349;2025042806;   10;    8.5;  76.0;eor
       4349;2025042812;   10;   20.6;  34.0;eor
       4349;2025042818;   10;   20.1;  32.0;eor
       4349;2025042906;   10;   10.0;  72.0;eor
       4349;2025042912;   10;   22.2;  40.0;eor
       4349;2025042918;   10;   22.0;  40.0;eor
       4349;2025043006;   10;   11.3;  73.0;eor
       4349;2025043012;   10;   24.2;  29.0;eor
       4349;2025043018;   10;   23.6;  29.0;eor
       4349;2025050106;   10;   11.9;  76.0;eor
       4349;2025050112;   10;   26.2;  27.0;eor
       4349;2025050118;   10;   24.2;  32.0;eor
       4349;2025050206;   10;   12.7;  71.0;eor
       4349;2025050212;   10;   27.1;  29.0;eor
       4349;2025050218;   10;   25.7;  38.0;eor
       4349;2025050306;   10;   15.3;  74.0;eor
       4349;2025050312;   10;   19.8;  67.0;eor
       4349;2025050318;   10;   21.6;  53.0;eor
       4349;2025050406;   10;   10.8;  91.0;eor
       4349;2025050412;   10;   10.5;  76.0;eor
       4349;2025050418;   10;   12.0;  74.0;eor
       4349;2025050506;   10;    7.8;  72.0;eor
       4349;2025050512;   10;   12.8;  51.0;eor
       4349;2025050518;   10;   12.5;  56.0;eor
       4349;2025050606;   10;    8.7;  67.0;eor
       4349;2025050612;   10;   12.2;  43.0;eor
       4349;2025050618;   10;   14.0;  38.0;eor
       4349;2025050706;   10;    7.8;  68.0;eor
       4349;2025050712;   10;   15.3;  41.0;eor
       4349;2025050718;   10;   13.9;  49.0;eor
       4349;2025050806;   10;    9.7;  68.0;eor
       4349;2025050812;   10;   15.3;  45.0;eor
       4349;2025050818;   10;   13.0;  59.0;eor
       4349;2025050906;   10;    7.8;  67.0;eor
       4349;2025050912;   10;   16.6;  37.0;eor
       4349;2025050918;   10;   16.0;  31.0;eor
       4349;2025051006;   10;    7.9;  62.0;eor
       4349;2025051012;   10;   18.1;  32.0;eor
       4349;2025051018;   10;   18.4;  33.0;eor
       4349;2025051106;   10;    8.8;  63.0;eor
       4349;2025051112;   10;   21.8;  29.0;eor
       4349;2025051118;   10;   21.1;  33.0;eor
       4349;2025051206;   10;   11.9;  61.0;eor
       4349;2025051212;   10;   20.6;  36.0;eor
       4349;2025051218;   10;   19.4;  38.0;eor
       4349;2025051306;   10;   11.3;  61.0;eor
       4349;2025051312;   10;   20.3;  33.0;eor
       4349;2025051318;   10;   20.0;  32.0;eor
       4349;2025051406;   10;    9.6;  72.0;eor
       4349;2025051412;   10;   22.0;  28.0;eor
       4349;2025051418;   10;   21.6;  28.0;eor
       4349;2025051506;   10;   13.0;  60.0;eor
       4349;2025051512;   10;   18.2;  38.0;eor
       4349;2025051518;   10;   16.3;  32.0;eor
       4349;2025051606;   10;    9.0;  60.0;eor
       4349;2025051612;   10;   16.9;  33.0;eor
       4349;2025051618;   10;   16.4;  38.0;eor
       4349;2025051706;   10;   11.4;  66.0;eor
       4349;2025051712;   10;   16.9;  45.0;eor
       4349;2025051718;   10;   16.5;  47.0;eor
       4349;2025051806;   10;   12.0;  59.0;eor
       4349;2025051812;   10;   19.4;  37.0;eor
       4349;2025051818;   10;   17.3;  48.0;eor
       4349;2025051906;   10;   10.8;  73.0;eor
       4349;2025051912;   10;   20.2;  33.0;eor
       4349;2025051918;   10;   20.4;  32.0;eor
       4349;2025052006;   10;   13.1;  66.0;eor
       4349;2025052012;   10;   21.8;  37.0;eor
       4349;2025052018;   10;   21.9;  36.0;eor
       4349;2025052106;   10;   14.9;  76.0;eor
       4349;2025052112;   10;   17.7;  74.0;eor
       4349;2025052118;   10;   13.6;  86.0;eor
       4349;2025052206;   10;   10.8;  92.0;eor
       4349;2025052212;   10;   15.2;  56.0;eor
       4349;2025052218;   10;   14.2;  45.0;eor
       4349;2025052306;   10;    8.2;  79.0;eor
       4349;2025052312;   10;   13.9;  39.0;eor
       4349;2025052318;   10;   13.4;  39.0;eor
       4349;2025052406;   10;    8.1;  68.0;eor
       4349;2025052412;   10;   17.5;  27.0;eor
       4349;2025052418;   10;   16.3;  37.0;eor
       4349;2025052506;   10;   12.3;  84.0;eor
       4349;2025052512;   10;   19.8;  55.0;eor
       4349;2025052518;   10;   19.7;  55.0;eor
       4349;2025052606;   10;   13.9;  73.0;eor
       4349;2025052612;   10;   19.0;  44.0;eor
       4349;2025052618;   10;   17.2;  45.0;eor
       4349;2025052706;   10;   11.2;  80.0;eor
       4349;2025052712;   10;   18.6;  47.0;eor
       4349;2025052718;   10;   19.8;  45.0;eor
       4349;2025052806;   10;   15.7;  76.0;eor
       4349;2025052812;   10;   16.4;  68.0;eor
       4349;2025052818;   10;   15.0;  86.0;eor
       4349;2025052906;   10;   13.2;  91.0;eor
       4349;2025052912;   10;   20.4;  53.0;eor
       4349;2025052918;   10;   20.4;  54.0;eor
       4349;2025053006;   10;   17.3;  78.0;eor
       4349;2025053012;   10;   25.2;  43.0;eor
       4349;2025053018;   10;   26.0;  44.0;eor
       4349;2025053106;   10;   18.8;  75.0;eor
       4349;2025053112;   10;   30.2;  38.0;eor
       4349;2025053118;   10;   20.2;  69.0;eor
       4349;2025060106;    3;   18.6;  83.0;eor
       4349;2025060112;    3;   26.9;  53.0;eor
       4349;2025060118;    3;   24.6;  62.0;eor
       4349;2025060206;    3;   17.4;  94.0;eor
       4349;2025060212;    3;   20.6;  70.0;eor
       4349;2025060218;    3;   17.3;  82.0;eor
       4349;2025060306;    3;   15.6;  92.0;eor
       4349;2025060312;    3;   22.8;  61.0;eor
       4349;2025060318;    3;   20.9;  72.0;eor
       4349;2025060406;    3;   16.5;  93.0;eor
       4349;2025060412;    3;   18.8;  82.0;eor
       4349;2025060418;    3;   17.3;  86.0;eor
       4349;2025060506;    3;   15.0;  87.0;eor
       4349;2025060512;    3;   19.8;  57.0;eor
       4349;2025060518;    3;   19.6;  59.0;eor
       4349;2025060606;    3;   18.5;  74.0;eor
       4349;2025060612;    3;   17.9;  72.0;eor
       4349;2025060618;    3;   16.8;  93.0;eor
       4349;2025060706;    3;   16.7;  90.0;eor
       4349;2025060712;    3;   18.2;  66.0;eor
       4349;2025060718;    3;   18.5;  64.0;eor
       4349;2025060806;    3;   15.5;  78.0;eor
       4349;2025060812;    3;   16.5;  66.0;eor
       4349;2025060818;    3;   15.3;  64.0;eor
       4349;2025060906;    3;   10.9;  73.0;eor
       4349;2025060912;    3;   19.6;  41.0;eor
       4349;2025060918;    3;   19.4;  48.0;eor
       4349;2025061006;    3;   12.5;  79.0;eor
       4349;2025061012;    3;   23.7;  43.0;eor
       4349;2025061018;    3;   22.9;  45.0;eor
       4349;2025061106;    3;   17.1;  58.0;eor
       4349;2025061112;    3;   21.9;  46.0;eor
       4349;2025061118;    3;   22.2;  39.0;eor
       4349;2025061206;    3;   15.8;  64.0;eor
       4349;2025061212;    3;   26.0;  39.0;eor
       4349;2025061218;    3;   26.3;  41.0;eor
       4349;2025061306;    3;   19.5;  65.0;eor
       4349;2025061312;    3;   29.8;  42.0;eor
       4349;2025061318;    3;   28.3;  39.0;eor
       4349;2025061406;    3;   21.2;  58.0;eor
       4349;2025061412;    3;   31.6;  39.0;eor
       4349;2025061418;    3;   30.4;  47.0;eor
       4349;2025061506;    3;   19.6;  84.0;eor
       4349;2025061512;    3;   22.0;  75.0;eor
       4349;2025061518;    3;   19.3;  93.0;eor
       4349;2025061606;    3;   16.0;  91.0;eor
       4349;2025061612;    3;   21.7;  51.0;eor
       4349;2025061618;    3;   22.4;  48.0;eor
       4349;2025061706;    3;   15.2;  82.0;eor
       4349;2025061712;    3;   24.1;  41.0;eor
       4349;2025061718;    3;   25.0;  43.0;eor
       4349;2025061806;    3;   17.5;  76.0;eor
       4349;2025061812;    3;   26.9;  40.0;eor
       4349;2025061818;    3;   26.9;  42.0;eor
       4349;2025061906;    3;   19.3;  69.0;eor
       4349;2025061912;    3;   26.6;  40.0;eor
       4349;2025061918;    3;   26.8;  41.0;eor
       4349;2025062006;    3;   17.0;  67.0;eor
       4349;2025062012;    3;   24.9;  45.0;eor
       4349;2025062018;    3;   25.7;  34.0;eor
       4349;2025062106;    3;   16.6;  62.0;eor
       4349;2025062112;    3;   27.8;  30.0;eor
       4349;2025062118;    3;   28.5;  27.0;eor
       4349;2025062206;    3;   18.6;  67.0;eor
       4349;2025062212;    3;   31.7;  30.0;eor
       4349;2025062218;    3;   32.2;  28.0;eor
       4349;2025062306;    3;   23.6;  70.0;eor
       4349;2025062312;    3;   29.0;  42.0;eor
       4349;2025062318;    3;   22.7;  53.0;eor
       4349;2025062406;    3;   19.8;  62.0;eor
       4349;2025062412;    3;   26.8;  39.0;eor
       4349;2025062418;    3;   27.2;  40.0;eor
       4349;2025062506;    3;   21.1;  66.0;eor
       4349;2025062512;    3;   30.6;  34.0;eor
       4349;2025062518;    3;   30.5;  38.0;eor
       4349;2025062606;    3;   22.4;  71.0;eor
       4349;2025062612;    3;   27.7;  43.0;eor
       4349;2025062618;    3;   25.4;  53.0;eor
       4349;2025062706;    3;   22.8;  67.0;eor
       4349;2025062712;    3;   23.7;  63.0;eor
       4349;2025062718;    3;   24.5;  63.0;eor
       4349;2025062806;    3;   21.0;  73.0;eor
       4349;2025062812;    3;   29.3;  45.0;eor
       4349;2025062818;    3;   29.6;  42.0;eor
       4349;2025062906;    3;   22.3;  71.0;eor
       4349;2025062912;    3;   31.4;  41.0;eor
       4349;2025062918;    3;   31.4;  39.0;eor
       4349;2025063006;    3;   22.8;  65.0;eor
       4349;2025063012;    3;   31.5;  40.0;eor
       4349;2025063018;    3;   31.8;  35.0;eor
       4349;2025070100;    3;   23.8;  52.0;eor
       4349;2025070106;    3;   22.3;  62.0;eor
       4349;2025070112;    3;   34.9;  34.0;eor
       4349;2025070118;    3;   30.1;  45.0;eor
       4349;2025070200;    3;   20.3;  84.0;eor
       4349;2025070206;    3;   23.0;  72.0;eor
       4349;2025070212;    3;   34.9;  29.0;eor
       4349;2025070218;    3;   33.9;  32.0;eor
       4349;2025070300;    3;   23.9;  57.0;eor
       4349;2025070306;    3;   21.9;  71.0;eor
       4349;2025070312;    3;   21.9;  68.0;eor
       4349;2025070318;    3;   24.4;  52.0;eor
       4349;2025070400;    3;   16.0;  87.0;eor
       4349;2025070406;    3;   17.6;  62.0;eor
       4349;2025070412;    3;   25.7;  35.0;eor
       4349;2025070418;    3;   26.4;  27.0;eor
       4349;2025070500;    3;   16.7;  64.0;eor
       4349;2025070506;    3;   18.7;  57.0;eor
       4349;2025070512;    3;   27.9;  30.0;eor
       4349;2025070518;    3;   26.2;  27.0;eor
       4349;2025070600;    3;   15.8;  62.0;eor
       4349;2025070606;    3;   17.9;  63.0;eor
       4349;2025070612;    3;   22.8;  41.0;eor
       4349;2025070618;    3;   19.8;  67.0;eor
       4349;2025070700;    3;   15.2;  90.0;eor
       4349;2025070706;    3;   16.4;  80.0;eor
       4349;2025070712;    3;   20.5;  66.0;eor
       4349;2025070718;    3;   16.3;  83.0;eor
       4349;2025070800;    3;   14.3;  88.0;eor
       4349;2025070806;    3;   14.2;  79.0;eor
       4349;2025070812;    3;   16.3;  58.0;eor
       4349;2025070818;    3;   16.1;  70.0;eor
       4349;2025070900;    3;   12.6;  80.0;eor
       4349;2025070906;    3;   14.2;  78.0;eor
       4349;2025070912;    3;   19.9;  43.0;eor
       4349;2025070918;    3;   20.2;  47.0;eor
       4349;2025071000;    3;   11.5;  85.0;eor
       4349;2025071006;    3;   14.4;  73.0;eor
       4349;2025071012;    3;   24.0;  40.0;eor
       4349;2025071018;    3;   24.4;  31.0;eor
       4349;2025071100;    3;   17.3;  64.0;eor
       4349;2025071106;    3;   17.1;  70.0;eor
       4349;2025071112;    3;   23.2;  49.0;eor
       4349;2025071118;    3;   23.4;  44.0;eor
       4349;2025071200;    3;   14.5;  76.0;eor
       4349;2025071206;    3;   18.0;  64.0;eor
       4349;2025071212;    3;   25.6;  41.0;eor
       4349;2025071218;    3;   24.5;  39.0;eor
       4349;2025071300;    3;   15.1;  77.0;eor
       4349;2025071306;    3;   15.7;  74.0;eor
       4349;2025071312;    3;   28.2;  33.0;eor
       4349;2025071318;    3;   28.1;  35.0;eor
       4349;2025071400;    3;   19.0;  69.0;eor
       4349;2025071406;    3;   18.9;  74.0;eor
       4349;2025071412;    3;   23.6;  61.0;eor
       4349;2025071418;    3;   23.2;  63.0;eor
       4349;2025071500;    3;   17.0;  93.0;eor
       4349;2025071506;    3;   20.1;  74.0;eor
       4349;2025071512;    3;   27.4;  39.0;eor
       4349;2025071518;    3;   23.0;  45.0;eor
       4349;2025071600;    3;   17.6;  68.0;eor
       4349;2025071606;    3;   18.7;  58.0;eor
       4349;2025071612;    3;   19.1;  67.0;eor
       4349;2025071618;    3;   18.4;  80.0;eor
       4349;2025071700;    3;   14.1;  95.0;eor
       4349;2025071706;    3;   15.3;  90.0;eor
       4349;2025071712;    3;   22.3;  47.0;eor
       4349;2025071718;    3;   22.9;  46.0;eor
       4349;2025071800;    3;   14.8;  80.0;eor
       4349;2025071806;    3;   16.5;  73.0;eor
       4349;2025071812;    3;   24.6;  43.0;eor
       4349;2025071818;    3;   25.6;  39.0;eor
       4349;2025071900;    3;   15.3;  84.0;eor
       4349;2025071906;    3;   17.5;  72.0;eor
       4349;2025071912;    3;   30.1;  33.0;eor
       4349;2025071918;    3;   21.8;  74.0;eor
       4349;2025072000;    3;   16.7;  90.0;eor
       4349;2025072006;    3;   19.2;  81.0;eor
       4349;2025072012;    3;   28.5;  44.0;eor
       4349;2025072018;    3;   24.6;  56.0;eor
       4349;2025072100;    3;   18.8;  89.0;eor
       4349;2025072106;    3;   18.0;  89.0;eor
       4349;2025072112;    3;   21.8;  66.0;eor
       4349;2025072118;    3;   20.0;  61.0;eor
       4349;2025072200;    3;   16.0;  86.0;eor
       4349;2025072206;    3;   15.8;  96.0;eor
       4349;2025072212;    3;   21.5;  62.0;eor
       4349;2025072218;    3;   19.4;  73.0;eor
       4349;2025072300;    3;   16.4;  81.0;eor
       4349;2025072306;    3;   18.0;  71.0;eor
       4349;2025072312;    3;   23.7;  42.0;eor
       4349;2025072318;    3;   22.9;  46.0;eor
       4349;2025072400;    3;   16.2;  83.0;eor
       4349;2025072406;    3;   16.5;  86.0;eor
       4349;2025072412;    3;   20.7;  65.0;eor
       4349;2025072418;    3;   21.2;  66.0;eor
       4349;2025072500;    3;   15.6;  93.0;eor
       4349;2025072506;    3;   15.4;  91.0;eor
       4349;2025072512;    3;   21.6;  67.0;eor
       4349;2025072518;    3;   20.8;  64.0;eor
       4349;2025072600;    3;   15.6;  93.0;eor
       4349;2025072606;    3;   16.3;  91.0;eor
       4349;2025072612;    3;   19.3;  83.0;eor
       4349;2025072618;    3;   20.5;  82.0;eor
       4349;2025072700;    3;   16.3;  96.0;eor
       4349;2025072706;    3;   16.5;  97.0;eor
       4349;2025072712;    3;   21.8;  76.0;eor
       4349;2025072718;    3;   18.9;  82.0;eor
       4349;2025072800;    3;   15.2;  95.0;eor
       4349;2025072806;    3;   14.9;  91.0;eor
       4349;2025072812;    3;   18.5;  71.0;eor
       4349;2025072818;    3;   17.7;  76.0;eor
       4349;2025072900;    3;   14.5;  93.0;eor
       4349;2025072906;    3;   14.4;  93.0;eor
       4349;2025072912;    3;   20.9;  55.0;eor
       4349;2025072918;    3;   17.6;  77.0;eor
       4349;2025073000;    1;   15.6;  89.0;eor
       4349;2025073006;    1;   14.8;  92.0;eor
       4349;2025073012;    1;   19.1;  68.0;eor
       4349;2025073018;    1;   20.3;  59.0;eor
       4349;2025073100;    1;   13.3;  91.0;eor
       4349;2025073106;    1;   14.8;  90.0;eor
       4349;2025073112;    1;   23.0;  53.0;eor
       4349;2025073118;    1;   22.5;  54.0;eor
       4349;2025080100;    1;   16.9;  88.0;eor
       4349;2025080106;    1;   15.7;  96.0;eor
       4349;2025080112;    1;   21.5;  67.0;eor
       4349;2025080118;    1;   19.8;  67.0;eor
       4349;2025080200;    1;   15.9;  91.0;eor
       4349;2025080206;    1;   15.5;  89.0;eor
       4349;2025080212;    1;   18.5;  70.0;eor
       4349;2025080218;    1;   19.9;  61.0;eor
       4349;2025080300;    1;   15.5;  86.0;eor
       4349;2025080306;    1;   15.1;  86.0;eor
       4349;2025080312;    1;   15.7;  82.0;eor
       4349;2025080318;    1;   17.7;  61.0;eor
       4349;2025080400;    1;   11.4;  92.0;eor
       4349;2025080406;    1;   14.0;  91.0;eor
       4349;2025080412;    1;   19.3;  77.0;eor
       4349;2025080418;    1;   22.9;  59.0;eor
       4349;2025080500;    1;   16.8;  90.0;eor
       4349;2025080506;    1;   18.4;  79.0;eor
       4349;2025080512;    1;   24.3;  62.0;eor
       4349;2025080518;    1;   22.0;  57.0;eor
       4349;2025080600;    1;   16.0;  70.0;eor
       4349;2025080606;    1;   13.2;  80.0;eor
       4349;2025080612;    1;   20.7;  47.0;eor
       4349;2025080618;    1;   21.2;  45.0;eor
       4349;2025080700;    1;   12.0;  85.0;eor
       4349;2025080706;    1;   12.5;  88.0;eor
       4349;2025080712;    1;   25.3;  41.0;eor
       4349;2025080718;    1;   24.6;  44.0;eor
       4349;2025080800;    1;   14.4;  90.0;eor
       4349;2025080806;    1;   16.3;  79.0;eor
       4349;2025080812;    1;   29.4;  36.0;eor
       4349;2025080818;    1;   27.8;  37.0;eor
       4349;2025080900;    1;   16.1;  84.0;eor
       4349;2025080906;    1;   17.4;  82.0;eor
       4349;2025080912;    1;   31.7;  32.0;eor
       4349;2025080918;    1;   29.6;  41.0;eor
       4349;2025081000;    1;   22.3;  63.0;eor
       4349;2025081006;    1;   18.7;  72.0;eor
       4349;2025081012;    1;   25.9;  47.0;eor
       4349;2025081018;    1;   25.3;  39.0;eor
       4349;2025081100;    1;   15.0;  78.0;eor
       4349;2025081106;    1;   15.9;  70.0;eor
       4349;2025081112;    1;   27.0;  37.0;eor
       4349;2025081118;    1;   27.1;  40.0;eor
       4349;2025081200;    1;   15.8;  83.0;eor
       4349;2025081206;    1;   17.5;  75.0;eor
       4349;2025081212;    1;   29.4;  46.0;eor
       4349;2025081218;    1;   29.9;  46.0;eor
       4349;2025081300;    1;   19.8;  86.0;eor
       4349;2025081306;    1;   19.8;  76.0;eor
       4349;2025081312;    1;   32.4;  35.0;eor
       4349;2025081318;    1;   30.7;  42.0;eor
       4349;2025081400;    1;   19.4;  83.0;eor
       4349;2025081406;    1;   19.0;  81.0;eor
       4349;2025081412;    1;   31.8;  41.0;eor
       4349;2025081418;    1;   31.2;  44.0;eor
       4349;2025081500;    1;   21.2;  85.0;eor
       4349;2025081506;    1;   22.1;  78.0;eor
       4349;2025081512;    1;   33.1;  43.0;eor
       4349;2025081518;    1;   29.1;  55.0;eor
       4349;2025081600;    1;   23.1;  71.0;eor
       4349;2025081606;    1;   20.5;  80.0;eor
       4349;2025081612;    1;   27.8;  49.0;eor
       4349;2025081618;    1;   24.9;  54.0;eor
       4349;2025081700;    1;   18.4;  74.0;eor
       4349;2025081706;    1;   16.7;  79.0;eor
       4349;2025081712;    1;   22.3;  58.0;eor
       4349;2025081718;    1;   22.4;  39.0;eor
       4349;2025081800;    1;   15.5;  73.0;eor
       4349;2025081806;    1;   14.5;  76.0;eor
       4349;2025081812;    1;   24.2;  42.0;eor
       4349;2025081818;    1;   24.5;  45.0;eor
       4349;2025081900;    1;   14.5;  82.0;eor
       4349;2025081906;    1;   15.7;  78.0;eor
       4349;2025081912;    1;   27.6;  34.0;eor
       4349;2025081918;    1;   27.0;  39.0;eor
       4349;2025082000;    1;   16.4;  80.0;eor
       4349;2025082006;    1;   16.3;  80.0;eor
       4349;2025082012;    1;   25.0;  57.0;eor
       4349;2025082018;    1;   21.7;  72.0;eor
       4349;2025082100;    1;   18.4;  85.0;eor
       4349;2025082106;    1;   17.2;  91.0;eor
       4349;2025082112;    1;   23.0;  55.0;eor
       4349;2025082118;    1;   21.4;  66.0;eor
       4349;2025082200;    1;   17.3;  66.0;eor
       4349;2025082206;    1;   15.2;  74.0;eor
       4349;2025082212;    1;   20.7;  48.0;eor
       4349;2025082218;    1;   18.5;  44.0;eor
       4349;2025082300;    1;   12.4;  69.0;eor
       4349;2025082306;    1;   13.2;  71.0;eor
       4349;2025082312;    1;   20.5;  47.0;eor
       4349;2025082318;    1;   18.6;  50.0;eor
       4349;2025082400;    1;   14.4;  74.0;eor
       4349;2025082406;    1;   12.3;  82.0;eor
       4349;2025082412;    1;   19.7;  46.0;eor
       4349;2025082418;    1;   19.8;  39.0;eor
       4349;2025082500;    1;   10.9;  75.0;eor
       4349;2025082506;    1;   10.0;  76.0;eor
       4349;2025082512;    1;   23.1;  36.0;eor
       4349;2025082518;    1;   22.1;  34.0;eor
       4349;2025082600;    1;   10.6;  77.0;eor
       4349;2025082606;    1;   11.8;  75.0;eor
       4349;2025082612;    1;   27.1;  35.0;eor
       4349;2025082618;    1;   25.6;  39.0;eor
       4349;2025082700;    1;   20.9;  69.0;eor
       4349;2025082706;    1;   19.1;  80.0;eor
       4349;2025082712;    1;   24.5;  66.0;eor
       4349;2025082718;    1;   21.8;  85.0;eor
       4349;2025082800;    1;   18.9;  95.0;eor
       4349;2025082806;    1;   17.6;  97.0;eor
       4349;2025082812;    1;   18.8;  90.0;eor
       4349;2025082818;    1;   19.6;  83.0;eor
       4349;2025082900;    1;   16.4;  96.0;eor
       4349;2025082906;    1;   15.1;  93.0;eor
       4349;2025082912;    1;   21.9;  49.0;eor
       4349;2025082918;    1;   20.8;  54.0;eor
       4349;2025083000;    1;   13.6;  95.0;eor
       4349;2025083006;    1;   14.2;  92.0;eor
       4349;2025083012;    1;   22.1;  51.0;eor
       4349;2025083018;    1;   19.7;  59.0;eor
       4349;2025083100;    1;   12.6;  93.0;eor
       4349;2025083106;    1;   13.5;  88.0;eor
       4349;2025083112;    1;   23.6;  54.0;eor
       4349;2025083118;    1;   21.6;  63.0;eor
       4349;2025090100;    1;   15.4;  88.0;eor
       4349;2025090106;    1;   16.7;  81.0;eor
       4349;2025090112;    1;   20.1;  71.0;eor
       4349;2025090118;    1;   18.4;  79.0;eor
       4349;2025090200;    1;   15.9;  93.0;eor
       4349;2025090206;    1;   15.3;  95.0;eor
       4349;2025090212;    1;   20.5;  55.0;eor
       4349;2025090218;    1;   16.5;  81.0;eor
       4349;2025090300;    1;   15.0;  81.0;eor
       4349;2025090306;    1;   16.3;  76.0;eor
       4349;2025090312;    1;   23.0;  52.0;eor
       4349;2025090318;    1;   22.3;  60.0;eor
       4349;2025090400;    1;   16.5;  84.0;eor
       4349;2025090406;    1;   16.1;  96.0;eor
       4349;2025090412;    1;   20.2;  86.0;eor
       4349;2025090418;    1;   17.1;  93.0;eor
       4349;2025090500;    1;   15.2;  94.0;eor
       4349;2025090506;    1;   14.8;  87.0;eor
       4349;2025090512;    1;   18.1;  69.0;eor
       4349;2025090518;    1;   16.9;  69.0;eor
       4349;2025090600;    1;   10.8;  96.0;eor
       4349;2025090606;    1;   10.3;  95.0;eor
       4349;2025090612;    1;   21.9;  54.0;eor
       4349;2025090618;    1;   18.5;  59.0;eor
       4349;2025090700;    1;   12.5;  90.0;eor
       4349;2025090706;    1;   10.8;  95.0;eor
       4349;2025090712;    1;   21.6;  59.0;eor
       4349;2025090718;    1;   21.2;  57.0;eor
       4349;2025090800;    1;   14.2;  92.0;eor
       4349;2025090806;    1;   13.6;  93.0;eor
       4349;2025090812;    1;   20.5;  74.0;eor
       4349;2025090818;    1;   18.0;  92.0;eor
       4349;2025090900;    1;   16.1;  97.0;eor
       4349;2025090906;    1;   15.6;  99.0;eor
       4349;2025090912;    1;   15.6;  88.0;eor
       4349;2025090918;    1;   16.8;  78.0;eor
       4349;2025091000;    1;   11.5;  98.0;eor
       4349;2025091006;    1;   11.8; 100.0;eor
       4349;2025091012;    1;   16.5;  89.0;eor
       4349;2025091018;    1;   16.4;  87.0;eor
       4349;2025091100;    1;   12.2;  97.0;eor
       4349;2025091106;    1;   15.5;  83.0;eor
       4349;2025091112;    1;   17.7;  71.0;eor
       4349;2025091118;    1;   15.7;  69.0;eor
       4349;2025091200;    1;   14.1;  79.0;eor
       4349;2025091206;    1;   11.8;  93.0;eor
       4349;2025091212;    1;   19.5;  47.0;eor
       4349;2025091218;    1;   15.9;  71.0;eor
       4349;2025091300;    1;   11.6;  90.0;eor
       4349;2025091306;    1;   11.7;  88.0;eor
       4349;2025091312;    1;   22.0;  46.0;eor
       4349;2025091318;    1;   16.6;  71.0;eor
       4349;2025091400;    1;   15.5;  84.0;eor
       4349;2025091406;    1;   12.8;  97.0;eor
       4349;2025091412;    1;   18.2;  62.0;eor
       4349;2025091418;    1;   17.1;  78.0;eor
       4349;2025091500;    1;   17.4;  82.0;eor
       4349;2025091506;    1;   18.5;  91.0;eor
       4349;2025091512;    1;   22.5;  67.0;eor
       4349;2025091518;    1;   17.8;  87.0;eor
       4349;2025091600;    1;   15.4;  68.0;eor
       4349;2025091606;    1;   13.8;  73.0;eor
       4349;2025091612;    1;   17.5;  54.0;eor
       4349;2025091618;    1;   15.2;  61.0;eor
       4349;2025091700;    1;   10.9;  84.0;eor
       4349;2025091706;    1;   11.3;  85.0;eor
       4349;2025091712;    1;   18.2;  58.0;eor
       4349;2025091718;    1;   18.0;  61.0;eor
       4349;2025091800;    1;   11.4;  93.0;eor
       4349;2025091806;    1;   11.2;  88.0;eor
       4349;2025091812;    1;   24.2;  44.0;eor
       4349;2025091818;    1;   19.7;  58.0;eor
       4349;2025091900;    1;   11.5;  94.0;eor
       4349;2025091906;    1;   10.6;  93.0;eor
       4349;2025091912;    1;   26.7;  40.0;eor
       4349;2025091918;    1;   20.9;  64.0;eor
       4349;2025092000;    1;   15.1;  87.0;eor
       4349;2025092006;    1;   12.7;  94.0;eor
       4349;2025092012;    1;   29.9;  41.0;eor
       4349;2025092018;    1;   23.9;  56.0;eor
       4349;2025092100;    1;   17.3;  85.0;eor
       4349;2025092106;    1;   17.4;  83.0;eor
       4349;2025092112;    1;   20.3;  73.0;eor
       4349;2025092118;    1;   15.6;  95.0;eor
       4349;2025092200;    1;   11.8;  91.0;eor
       4349;2025092206;    1;   11.7;  94.0;eor
       4349;2025092212;    1;   11.6;  90.0;eor
       4349;2025092218;    1;   10.8;  76.0;eor
       4349;2025092300;    1;   10.3;  84.0;eor
       4349;2025092306;    1;   10.2;  83.0;eor
       4349;2025092312;    1;   12.3;  73.0;eor
       4349;2025092318;    1;   13.3;  71.0;eor
       4349;2025092400;    1;   10.2;  95.0;eor
       4349;2025092406;    1;    9.4;  95.0;eor
       4349;2025092412;    1;    9.7;  93.0;eor
       4349;2025092418;    1;    9.7;  96.0;eor
       4349;2025092500;    1;   10.1;  96.0;eor
       4349;2025092506;    1;    9.8;  96.0;eor
       4349;2025092512;    1;   11.4;  90.0;eor
       4349;2025092518;    1;   10.7;  94.0;eor
       4349;2025092600;    1;    8.0;  98.0;eor
       4349;2025092606;    1;    7.5;  98.0;eor
       4349;2025092612;    1;   11.2;  87.0;eor
       4349;2025092618;    1;   11.7;  91.0;eor
       4349;2025092700;    1;   10.6;  97.0;eor
       4349;2025092706;    1;   10.1;  97.0;eor
       4349;2025092712;    1;   12.8;  82.0;eor
       4349;2025092718;    1;   12.9;  87.0;eor
       4349;2025092800;    1;   10.9;  98.0;eor
       4349;2025092806;    1;    9.1;  99.0;eor
       4349;2025092812;    1;   13.9;  78.0;eor
       4349;2025092818;    1;   13.4;  82.0;eor
       4349;2025092900;    1;    7.5;  99.0;eor
       4349;2025092906;    1;    7.2;  99.0;eor
       4349;2025092912;    1;   17.3;  70.0;eor
       4349;2025092918;    1;   14.9;  84.0;eor
       4349;2025093000;    1;   10.1;  98.0;eor
       4349;2025093006;    1;   11.0;  96.0;eor
       4349;2025093012;    1;   15.0;  73.0;eor
       4349;2025093018;    1;   11.3;  93.0;eor
       4349;2025100100;    1;    9.6;  96.0;eor
       4349;2025100106;    1;    7.4;  97.0;eor
       4349;2025100112;    1;   15.1;  51.0;eor
       4349;2025100118;    1;   11.2;  63.0;eor
       4349;2025100200;    1;    3.8;  96.0;eor
       4349;2025100206;    1;    3.0;  96.0;eor
       4349;2025100212;    1;   13.2;  55.0;eor
       4349;2025100218;    1;   10.3;  68.0;eor
       4349;2025100300;    1;    4.2;  94.0;eor
       4349;2025100306;    1;    1.6;  96.0;eor
       4349;2025100312;    1;   13.7;  52.0;eor
       4349;2025100318;    1;   10.6;  80.0;eor
       4349;2025100400;    1;    9.9;  84.0;eor
       4349;2025100406;    1;   12.9;  77.0;eor
       4349;2025100412;    1;   19.4;  69.0;eor
       4349;2025100418;    1;   10.9;  76.0;eor
       4349;2025100500;    1;    9.8;  72.0;eor
       4349;2025100506;    1;    9.8;  82.0;eor
       4349;2025100512;    1;   12.2;  71.0;eor
       4349;2025100518;    1;    9.9;  81.0;eor
       4349;2025100600;    1;   10.4;  78.0;eor
       4349;2025100606;    1;    9.4;  88.0;eor
       4349;2025100612;    1;   12.4;  76.0;eor
       4349;2025100618;    1;   10.7;  91.0;eor
       4349;2025100700;    1;   10.9;  95.0;eor
       4349;2025100706;    1;   11.2;  96.0;eor
       4349;2025100712;    1;   14.7;  77.0;eor
       4349;2025100718;    1;   12.2;  90.0;eor
       4349;2025100800;    1;    9.1;  99.0;eor
       4349;2025100806;    1;    7.1;  99.0;eor
       4349;2025100812;    1;   16.6;  64.0;eor
       4349;2025100818;    1;   14.8;  83.0;eor
       4349;2025100900;    1;   13.0;  95.0;eor
       4349;2025100906;    1;   11.6;  95.0;eor
       4349;2025100912;    1;   16.1;  69.0;eor
       4349;2025100918;    1;   14.1;  88.0;eor
       4349;2025101000;    1;    8.6;  98.0;eor
       4349;2025101006;    1;    6.3;  99.0;eor
       4349;2025101012;    1;   12.8;  73.0;eor
       4349;2025101018;    1;   12.0;  86.0;eor
